1.314864487680114021e-06 1.358291307262546437e-06 1.422018430957288096e-06 1.501963768031969188e-06
1.238890183020336854e-05 1.236108038728101865e-05 1.252537750276224610e-05 1.268525211202729420e-05
2.560993112763186472e-05 2.560730638389539386e-05 2.581901957376511915e-05 2.602289931551919866e-05
3.658880525703424655e-05 3.680177216427523741e-05 3.714095356812676350e-05 3.748537735512444055e-05
4.663845355813590329e-05 4.710418603691360481e-05 4.757577088152054832e-05 4.808940234356934973e-05
5.666805229863457335e-05 5.733048692115696760e-05 5.788862466241829357e-05 5.853652853866455258e-05
6.687904459348365817e-05 6.766410143092314411e-05 6.825811821226341963e-05 6.898747301510571714e-05
7.717469202781770347e-05 7.802080458625366228e-05 7.861227903346449167e-05 7.937637347973375962e-05
8.738174026508620468e-05 8.824455952941679488e-05 8.880840881160264688e-05 8.957289715827830719e-05
9.733850229319658748e-05 9.818765950926904192e-05 9.870878668978483913e-05 9.945070091226109756e-05
1.069226278928254108e-04 1.077377633996931528e-04 1.082077058726032366e-04 1.089126852799991859e-04
1.160537443595425046e-04 1.168215501673137909e-04 1.172361243947125757e-04 1.178958307511760709e-04
1.246868649310616873e-04 1.253991182034892838e-04 1.257569480561709289e-04 1.263671263839530041e-04
1.328036647323232989e-04 1.334559062436410182e-04 1.337575232481790790e-04 1.343166595109578283e-04
1.404045126478956572e-04 1.409950987438832561e-04 1.412423663318078794e-04 1.417507808221959932e-04
1.475021486757500542e-04 1.480315233134116401e-04 1.482272357283504296e-04 1.486864673619486810e-04
1.541170288186202622e-04 1.545871415279053915e-04 1.547347204825313147e-04 1.551471000396805974e-04
1.602740526080235323e-04 1.606878884794724906e-04 1.607911423170150242e-04 1.611594897105093872e-04
1.660003345189218094e-04 1.663615388087782629e-04 1.664244691072026860e-04 1.667518749339333580e-04
1.713237235130875215e-04 1.716363085894898933e-04 1.716629572545539414e-04 1.719526242046996571e-04
1.762718424641956071e-04 1.765399657358533182e-04 1.765342980150682716e-04 1.767894265072758445e-04
1.808714822706767190e-04 1.810992837640538892e-04 1.810651028210487963e-04 1.812888101961876897e-04
1.851482353532399859e-04 1.853397239344417666e-04 1.852806123382135970e-04 1.854758778220702911e-04
1.891262896620247720e-04 1.892852677535266270e-04 1.892045511086834822e-04 1.893741805487429957e-04
1.928283297600249277e-04 1.929583476389736972e-04 1.928590757594151575e-04 1.930056813812249341e-04
1.962755088812187260e-04 1.963798410527216873e-04 1.962647825093310984e-04 1.963907738819300911e-04
1.994874675231763511e-04 1.995691050638963575e-04 1.994407515106474146e-04 1.995483346757853161e-04
2.024823819514979129e-04 2.025440360042420995e-04 2.024046133095611186e-04 2.024957956670262892e-04
2.052770312488030446e-04 2.053211439616735095e-04 2.051726277740028323e-04 2.052492268482584525e-04
2.078868750999993630e-04 2.079156352276456351e-04 2.077597691453871519e-04 2.078234237997242015e-04
2.103261369406072829e-04 2.103414980678962093e-04 2.101798130458129750e-04 2.102319960695948745e-04
2.126078887803084841e-04 2.126115887104807563e-04 2.124454227135809793e-04 2.124874539959180353e-04
2.147441351936788998e-04 2.147377154887634249e-04 2.145682327057941378e-04 2.146012924353477480e-04
2.167458948040377629e-04 2.167307198000840052e-04 2.165589289615344284e-04 2.165840704670734184e-04
2.186232781800819534e-04 2.186005530465870428e-04 2.184273245675420196e-04 2.184454865466652074e-04
2.203855614892234684e-04 2.203563490806575574e-04 2.201824308778130030e-04 2.201944488602123175e-04
2.220412555545321230e-04 2.220064919283417455e-04 2.218325238527846504e-04 2.218391408167145595e-04
2.235981701773592475e-04 2.235586787402650858e-04 2.233852056316286850e-04 2.233870817438556294e-04
2.250634737387643730e-04 2.250199780417535373e-04 2.248474614519882714e-04 2.248451829373138903e-04
2.264437481968018234e-04 2.263968834367928690e-04 2.262257120985832620e-04 2.262197992689809665e-04
2.277450396659751848e-04 2.276953629746543016e-04 2.275258621047960130e-04 2.275167765933627047e-04
2.289729048089246457e-04 2.289209044211648560e-04 2.287533439563304281e-04 2.287414952100149464e-04
2.301324532955110970e-04 2.300785566943891968e-04 2.299131585581657756e-04 2.298989096474318152e-04
2.312283865960310829e-04 2.311729677311539209e-04 2.310099122289149213e-04 2.309935850335018972e-04
2.322650333771947523e-04 2.322084190495765838e-04 2.320478504830151049e-04 2.320297303118128932e-04
2.332463817646132989e-04 2.331888572659493941e-04 2.330308888529513485e-04 2.330112285534553589e-04
2.341761087260541495e-04 2.341179228137791354e-04 2.339626409924385646e-04 2.339416646018577478e-04
2.350576068172349656e-04 2.349989760998409444e-04 2.348464442883107660e-04 2.348243502745503181e-04
2.358940085176588022e-04 2.358351213177738821e-04 2.356853831946192825e-04 2.356623473313288809e-04
2.366882083688019570e-04 2.366292281247617030e-04 2.364823104877520623e-04 2.364584884036120599e-04
2.374428831115009810e-04 2.373839513717393370e-04 2.372398666267021869e-04 2.372153960652278808e-04
2.381605100040846826e-04 2.381017490627195963e-04 2.379604973882565365e-04 2.379355002107226872e-04
2.388433834879765392e-04 2.387848987045124974e-04 2.386464699330628054e-04 2.386210538937251263e-04
2.394936303533511059e-04 2.394355121944710815e-04 2.392998874454127566e-04 2.392741477650493147e-04
2.401132235440920607e-04 2.400555493810599091e-04 2.399227024772308695e-04 2.398967232381586743e-04
2.407039947288401127e-04 2.406468304200500930e-04 2.405167291152377482e-04 2.404905844983586723e-04
2.412676457533572869e-04 2.412110470380227198e-04 2.410836540795633070e-04 2.410574094616590025e-04
2.418057590787723796e-04 2.417497728046018660e-04 2.416250468522200523e-04 2.415987597796247807e-04
2.423198073004821152e-04 2.422644725054144709e-04 2.421423689247806583e-04 2.421160899776936823e-04
2.428111618335322284e-04 2.427565106991495596e-04 2.426369822462994192e-04 2.426107558063407001e-04
2.432811008421390322e-04 2.432271595342227945e-04 2.431101569449351516e-04 2.430840218770777240e-04
2.437308164835889630e-04 2.436776058933900167e-04 2.435630783898264215e-04 2.435370686485340106e-04
2.441614215300214009e-04 2.441089579281497410e-04 2.439968536534898420e-04 2.439709988217371082e-04
2.445739554254927270e-04 2.445222510388770786e-04 2.444125174293124538e-04 2.443868431981479424e-04
2.449693898302026155e-04 2.449184533512902668e-04 2.448110374535409717e-04 2.447855660489549638e-04
2.453486336987724349e-04 2.452984707350198881e-04 2.451933194764929443e-04 2.451680700395616965e-04
2.457125379349588200e-04 2.456631514056838573e-04 2.455602118234822846e-04 2.455352007490608883e-04
2.460618996611226190e-04 2.460132901479293414e-04 2.459125095821214401e-04 2.458877508207452296e-04
2.463974661371027457e-04 2.463496321933386223e-04 2.462509584492077446e-04 2.462264637763186695e-04
2.467199383598423640e-04 2.466728767838863518e-04 2.465762582672736481e-04 2.465520375234127423e-04
2.470299743721280760e-04 2.469836804487341862e-04 2.468890662780618426e-04 2.468651275832470021e-04
2.473281923061225246e-04 2.472826600195339626e-04 2.471900001176352817e-04 2.471663500627753690e-04
2.476151731849425357e-04 2.475703954070514103e-04 2.474796405755342872e-04 2.474562843934016341e-04
2.478914635033575777e-04 2.478474321597922054e-04 2.477585341383131646e-04 2.477354758563112360e-04
2.481575776067079494e-04 2.481142838233922144e-04 2.480271953359130285e-04 2.480044379126210069e-04
2.484139998853736710e-04 2.483714341178007326e-04 2.482861089076339022e-04 2.482636543548854668e-04
2.486611868005167425e-04 2.486193389477169523e-04 2.485357318029348512e-04 2.485135812949924037e-04
2.488995687553800492e-04 2.488584282603314079e-04 2.487764950309112057e-04 2.487546490021199600e-04
2.491295518251156107e-04 2.490891077631421325e-04 2.490088053710418818e-04 2.489872636031961761e-04
2.493515193569421961e-04 2.493117605134651904e-04 2.492330469566726172e-04 2.492118086571885167e-04
2.495658334513617318e-04 2.495267483902134848e-04 2.494495827416740377e-04 2.494286466135430349e-04
2.497728363342065260e-04 2.497344134575752968e-04 2.496587558597882666e-04 2.496381201641782472e-04
2.499728516284148677e-04 2.499350792293679783e-04 2.498608908853384514e-04 2.498405534976152337e-04
2.501661855336475442e-04 2.501290518420726575e-04 2.500562950032135545e-04 2.500362534630717957e-04
2.503531279211421373e-04 2.503166211438495646e-04 2.502452590953547227e-04 2.502255106516716883e-04
2.505339533505581600e-04 2.504980617062042055e-04 2.504280587503404437e-04 2.504086004013010829e-04
2.507089220149780239e-04 2.506736337643958117e-04 2.506049552021040743e-04 2.505857837310875155e-04
2.508782806196993586e-04 2.508435840921554986e-04 2.507761962032994019e-04 2.507573082109630430e-04
2.510422631999717318e-04 2.510081468158102615e-04 2.509420168383635322e-04 2.509234087713167727e-04
2.512010918823921529e-04 2.511675441724769389e-04 2.511026402809011702e-04 2.510843084573183325e-04
2.513549775942766000e-04 2.513219872165955689e-04 2.512582784996256766e-04 2.512402191321106370e-04
2.515041207249640929e-04 2.514716764787195769e-04 2.514091329167430057e-04 2.513913421327271030e-04
2.516487117426781275e-04 2.516168025801513428e-04 2.515553950223418087e-04 2.515378688822649390e-04
2.517889317702746207e-04 2.517575468067204765e-04 2.516972469480613372e-04 2.516799814615621822e-04
2.519249531229287762e-04 2.518940816447297251e-04 2.518348620030443985e-04 2.518178531433617204e-04
2.520569398105678696e-04 2.520265712818483541e-04 2.519684051749357411e-04 2.519516488917018055e-04
2.521850480076272098e-04 2.521551720755115010e-04 2.520980335984692464e-04 2.520815258290586003e-04
2.523094264925033548e-04 2.522800329911751302e-04 2.522238969939814661e-04 2.522076336735602992e-04
2.524302170588853451e-04 2.524012960125941816e-04 2.523461380780047856e-04 2.523301151484130941e-04
2.525475549009749887e-04 2.525190965261165125e-04 2.524648929479252784e-04 2.524491063655095210e-04
