3.529290343230429219e-07 3.573235445636992791e-07 3.682947232170660673e-07 3.928481882286013467e-07
4.151531108304299717e-06 4.174224229139530361e-06 4.273113445073778445e-06 4.388668634198031589e-06
1.174941498043062925e-05 1.175742589966967728e-05 1.192906473604464355e-05 1.211471261563544406e-05
2.066107296030464854e-05 2.069510628819528706e-05 2.094393324682107904e-05 2.120570210679233994e-05
2.991088691096466332e-05 3.002009529765641086e-05 3.035941291498149547e-05 3.071644300771580658e-05
3.929810044404957790e-05 3.951073763466562147e-05 3.994450209297597648e-05 4.040781387775573875e-05
4.879826051485979573e-05 4.912312157627358842e-05 4.964620354203215199e-05 5.021617521638076025e-05
5.840080253541518119e-05 5.883506509657856055e-05 5.943764910650549144e-05 6.010773341747512033e-05
6.808170192269362160e-05 6.861694582148757202e-05 6.928779104527914192e-05 7.004817227278377042e-05
7.780640493281200626e-05 7.843206590163954355e-05 7.916020633183609180e-05 8.000012545018243457e-05
8.753656784260859718e-05 8.824169684897790588e-05 8.901715310046494161e-05 8.992613889594789050e-05
9.723503596889886624e-05 9.800913778425904862e-05 9.882312915885857474e-05 9.979155865588845687e-05
1.068686016557453061e-04 1.077020080806962614e-04 1.085469443853118279e-04 1.095662407540322304e-04
1.164091417927537702e-04 1.172931535894382088e-04 1.181625428410581536e-04 1.192251932008893124e-04
1.258337750161984611e-04 1.267606871722750414e-04 1.276490188014571059e-04 1.287485101077551707e-04
1.351245035297382255e-04 1.360875702947941497e-04 1.369901974814797380e-04 1.381209203334537463e-04
1.442676307032976458e-04 1.452609995419999246e-04 1.461740289663366536e-04 1.473311734743642707e-04
1.532531196267460951e-04 1.542717502598387803e-04 1.551919416060994596e-04 1.563713964236830350e-04
1.620739775646046958e-04 1.631135556935989325e-04 1.640382311904493840e-04 1.652364904165003526e-04
1.707257041682347788e-04 1.717825557873022923e-04 1.727095194482126093e-04 1.739235990372579030e-04
1.792058155087812620e-04 1.802768254072802784e-04 1.812042914657203420e-04 1.824316553431643267e-04
1.875134429232106598e-04 1.885959794467818233e-04 1.895225094182850269e-04 1.907610048400491093e-04
1.956489997792694446e-04 1.967408468661903094e-04 1.976652946208114160e-04 1.989130960338925602e-04
2.036139072219016644e-04 2.047132040189991265e-04 2.056346682036260876e-04 2.068902287628806745e-04
2.114103698450434630e-04 2.125155577422470615e-04 2.134333408616646464e-04 2.146953507467304237e-04
2.190411929835517791e-04 2.201509696213434057e-04 2.210645430769294924e-04 2.223318937873048110e-04
2.265096343857288534e-04 2.276229140337434113e-04 2.285318884305553855e-04 2.298036422940175278e-04
2.338192841326653586e-04 2.349351637706134437e-04 2.358392638344938602e-04 2.371146280320863176e-04
2.409739676924920674e-04 2.420916981162175819e-04 2.429907416074935712e-04 2.442690460901494670e-04
2.479776678898652949e-04 2.490966291935556840e-04 2.499905092576599239e-04 2.512711880008086196e-04
2.548344623262186566e-04 2.559541431608356940e-04 2.568428136140746233e-04 2.581253887245933665e-04
2.615484734142945931e-04 2.626684534814238258e-04 2.635519165885045296e-04 2.648359848415321048e-04
2.681238287074068360e-04 2.692437640098794605e-04 2.701220603660588583e-04 2.714072818066207756e-04
2.745646296270688345e-04 2.756842400584704421e-04 2.765574402416396131e-04 2.778435285374319767e-04
2.808749270381270574e-04 2.819939859501227825e-04 2.828621836558313637e-04 2.841488979329210695e-04
2.870587024023520768e-04 2.881770278403230669e-04 2.890403342553051402e-04 2.903274721882001617e-04
2.931198534713371656e-04 2.942373008146394013e-04 2.950958400218041703e-04 2.963832319837650950e-04
2.990621836672297039e-04 3.001786394504830273e-04 3.010325446908189385e-04 3.023200487999132399e-04
3.048893944532011960e-04 3.060047711796909809e-04 3.068541818244866328e-04 3.081416797462531573e-04
3.106050801210557709e-04 3.117193119090702017e-04 3.125643710197174288e-04 3.138517644089292491e-04
3.162127245261988706e-04 3.173257634544459586e-04 3.181666158273429939e-04 3.194538233097176890e-04
3.217156993845159368e-04 3.228275124242288943e-04 3.236643030353986779e-04 3.249512576456494708e-04
3.271172638149665414e-04 3.282278302544163785e-04 3.290607030328336060e-04 3.303473500385903849e-04
3.324205648686204577e-04 3.335298741510021240e-04 3.343589710216726685e-04 3.356452660738767197e-04
3.376286388316973672e-04 3.387366887401503787e-04 3.395621488880599340e-04 3.408480564477713026e-04
3.427444131287267276e-04 3.438512082629857939e-04 3.446731675774358534e-04 3.459586595768419795e-04
3.477707086837084636e-04 3.488762591818640930e-04 3.496948498477076180e-04 3.509799045497293511e-04
3.527102426233329939e-04 3.538145630897022369e-04 3.546299132978092015e-04 3.559145143242555291e-04
3.575656312279028564e-04 3.586687398342979123e-04 3.594809735884096197e-04 3.607651090913042199e-04
3.623393930533850204e-04 3.634413107863343224e-04 3.642505477874736835e-04 3.655342097421050728e-04
3.670339521627010142e-04 3.681347021935710805e-04 3.689410577864984226e-04 3.702242413880515266e-04
3.716516414164417934e-04 3.727512485750983265e-04 3.735548337440557369e-04 3.748375368924655336e-04
3.761947057831655774e-04 3.772931961188881185e-04 3.780941175221526427e-04 3.793763403821653326e-04
3.806653056376245589e-04 3.817627060535758567e-04 3.825610660882339644e-04 3.838428107136340446e-04
3.850655200220193426e-04 3.861618579717333096e-04 3.869577548616424337e-04 3.882390248742747531e-04
3.893973498509120060e-04 3.904926530870774610e-04 3.912861809882777170e-04 3.925669813038972530e-04
3.936627210449719118e-04 3.947570174123157588e-04 3.955482665312179012e-04 3.968286031253896945e-04
3.978634875824447787e-04 3.989568048477952966e-04 3.997458615683536229e-04 4.010257412766323653e-04
4.020014344602672708e-04 4.030938001739574057e-04 4.038807471907613191e-04 4.051601775382303772e-04
4.060782805592182024e-04 4.071697219428903206e-04 4.079546383977112993e-04 4.092336274536843366e-04
4.100956814094951501e-04 4.111862252661363818e-04 4.119691868859584084e-04 4.132477431402547868e-04
4.140552318547199720e-04 4.151449044973959217e-04 4.159259837323650848e-04 4.172041159900983435e-04
4.179584686136694196e-04 4.190472958099689419e-04 4.198265619700330509e-04 4.211042792622844656e-04
4.218068727400552933e-04 4.228948796697171619e-04 4.236723990589986197e-04 4.249497105671326265e-04
4.256018719814910344e-04 4.266890832050687643e-04 4.274649192532410311e-04 4.287418342449339915e-04
4.293448430394125994e-04 4.304312824761652337e-04 4.312054958662831362e-04 4.324820236416151249e-04
4.330371137322078364e-04 4.341228046456762626e-04 4.348954534380649575e-04 4.361716032842531286e-04
4.366799650641708139e-04 4.377649300541383505e-04 4.385360698060627354e-04 4.398118509596188721e-04
4.402746332031620973e-04 4.413588942028976933e-04 4.421285780838319626e-04 4.434039996990955692e-04
4.438223113700425632e-04 4.449058896478888287e-04 4.456741685502908193e-04 4.469492396734336395e-04
4.473241516430639659e-04 4.484070678075829583e-04 4.491739904531314343e-04 4.504487200008598711e-04
4.507812666804683231e-04 4.518635406884726662e-04 4.526291537297847810e-04 4.539035504720677979e-04
4.541947313645683490e-04 4.552763825314743340e-04 4.560407306493539578e-04 4.573148031956013435e-04
4.575655843705738498e-04 4.586466313825988722e-04 4.594097573788987789e-04 4.606835141670921835e-04
4.608948296633902310e-04 4.619752905911899939e-04 4.627372354773945937e-04 4.640106847657423164e-04
4.641834379255560181e-04 4.652633302389658329e-04 4.660241333206162069e-04 4.672972831813612085e-04
4.674323479194156554e-04 4.685116885030074963e-04 4.692713874601066423e-04 4.705442457751682697e-04
4.706424677865337497e-04 4.717212729557523259e-04 4.724799039192924309e-04 4.737524783774670067e-04
4.738146762872652573e-04 4.748929618049434480e-04 4.756505594297066484e-04 4.769228575251875895e-04
4.769498239832939803e-04 4.780276050763808816e-04 4.787842026101642168e-04 4.800562316421766039e-04
4.800487343658467335e-04 4.811260257422111117e-04 4.818816550916287596e-04 4.831534221650025007e-04
4.831122049321859182e-04 4.841890207973796015e-04 4.849437125903961364e-04 4.862152246169223579e-04
4.861410082128699928e-04 4.872173622867606167e-04 4.879711459321025777e-04 4.892424096325430306e-04
4.891358927521716931e-04 4.902117982853672253e-04 4.909647020289625071e-04 4.922357239355979299e-04
4.920975840439325080e-04 4.931730538339368364e-04 4.939251048125223613e-04 4.951958912721416252e-04
4.950267854250292414e-04 4.961018318320795486e-04 4.968530561241192491e-04 4.981236133013643933e-04
4.979241789285283101e-04 4.989988138910768844e-04 4.997492365651192347e-04 5.010195704461170010e-04
5.007904260985014070e-04 5.018646611483141336e-04 5.026143063089217721e-04 5.038844227051345829e-04
5.036261687683872513e-04 5.047000150452329251e-04 5.054489058766076974e-04 5.067188104288552868e-04
5.064320298046836970e-04 5.075054980706042917e-04 5.082536568780233978e-04 5.095233550606270657e-04
5.092086138176735903e-04 5.102817144708201962e-04 5.110291627200001015e-04 5.122986598450113196e-04
5.119565078407968019e-04 5.130292509288307979e-04 5.137760092833234269e-04 5.150453105048040511e-04
5.146762819802062645e-04 5.157486772132581368e-04 5.164947655699853816e-04 5.177638758883113933e-04
5.173684900359593313e-04 5.184405467991515335e-04 5.191859843221734898e-04 5.204549085883374351e-04
5.200336700962312564e-04 5.211053974617655456e-04 5.218502026143759329e-04 5.231189455342689790e-04
5.226723451058591045e-04 5.237437518446742086e-04 5.244879424199116623e-04 5.257565085585700921e-04
5.252850234104621636e-04 5.263561180034703442e-04 5.270997111531287383e-04 5.283681049389273195e-04
5.278721992773174974e-04 5.289429899262274894e-04 5.296860021884453040e-04 5.309542279172294000e-04
5.304343533941124596e-04 5.315048480318485457e-04 5.322472953573507883e-04 5.335153571964966956e-04
5.329719533466333297e-04 5.340421596473613917e-04 5.347840574244264959e-04 5.360519594168223090e-04
