   1.0000000e+01   6.5830570e+02   2.9240726e+00   2.9223681e-04   7.0857598e-05   3.4649240e+01   2.7386498e-04  8.4761375e-112 -3.6891362e-109   3.4514862e-01   7.0859125e-05  8.4761373e-112   1.0000000e+00  1.4713118e-112  4.1480414e-273
   2.0000000e+01   6.5831252e+02   2.9203817e+00   4.8776361e-04   6.2809527e-04   3.4651209e+01   2.7386498e-04   4.8961686e-56  -4.1831877e-53   4.6891281e-01   6.2810090e-04   4.8961679e-56   1.0000000e+00   3.3395676e-56  5.7783456e-137
   3.0000000e+01   6.5832572e+02   2.9136805e+00   8.7151361e-04   1.2931500e-03   3.4655021e+01   2.7386498e-04   1.8311551e-37  -2.3304797e-34   8.0652091e-01   1.2931750e-03   1.8311534e-37   1.0000000e+00   2.7781395e-37   3.0724908e-91
   4.0000000e+01   6.5834457e+02   2.9027358e+00   1.3226099e-03   1.8569079e-03   3.4660463e+01   2.7386498e-04   3.2943419e-28  -5.5804202e-25   1.1516513e+00   1.8569759e-03   3.2943310e-28   1.0000000e+00   8.8150352e-28   2.7547715e-68
   5.0000000e+01   6.5837190e+02   2.8871651e+00   1.7931005e-03   2.3761797e-03   3.4668352e+01   2.7386498e-04   1.0994682e-22  -2.3301870e-19   1.6482466e+00   2.3763539e-03   1.0994565e-22   1.0000000e+00   4.5690336e-22   1.7538138e-54
   6.0000000e+01   6.5841012e+02   2.8668453e+00   2.2717680e-03   2.8901617e-03   3.4679378e+01   2.7386498e-04   5.0058273e-19  -1.2755545e-15   2.2296090e+00   2.8905442e-03   5.0056866e-19   1.0000000e+00   2.9790746e-18   2.8908793e-45
   7.0000000e+01   6.5846005e+02   2.8417101e+00   2.7561989e-03   3.4076901e-03   3.4693773e+01   2.7386498e-04   1.9679647e-16  -5.8622041e-13   2.8185542e+00   3.4084038e-03   1.9678441e-16   1.0000000e+00   1.5850069e-15   1.1264798e-38
   8.0000000e+01   6.5852131e+02   2.8117090e+00   3.2451615e-03   3.9248840e-03   3.4711426e+01   2.7386498e-04   1.6814205e-14  -5.7333562e-11   3.3698519e+00   3.9260505e-03   1.6812278e-14   1.0000000e+00   1.7576786e-13   9.9471487e-34
   9.0000000e+01   6.5859292e+02   2.7768037e+00   3.7371453e-03   4.4344192e-03   3.4732048e+01   2.7386498e-04   5.2142613e-13  -2.0023792e-09   3.8635075e+00   4.4361453e-03   5.2132661e-13   1.0000000e+00   6.8509045e-12   7.0194163e-30
   1.0000000e+02   6.5867368e+02   2.7369720e+00   4.2303415e-03   4.9293225e-03   3.4755281e+01   2.7386498e-04   7.9800035e-12  -3.4069278e-08   4.2940581e+00   4.9316936e-03   7.9776792e-12   1.0000000e+00   1.2847075e-10   8.4430580e-27
   1.1000000e+02   6.5876234e+02   2.6922090e+00   4.7228645e-03   5.4042739e-03   3.4780762e+01   2.7386498e-04   7.3249386e-11  -3.4404858e-07   4.6632559e+00   5.4073526e-03   7.3218932e-11   1.0000000e+00   1.4154955e-09   2.8045876e-24
   1.2000000e+02   6.5885773e+02   2.6425213e+00   5.2129353e-03   5.8558052e-03   3.4808151e+01   2.7386499e-04   4.5908883e-10  -2.3519147e-06   4.9759992e+00   5.8596330e-03   4.5883020e-10   9.9999999e-01   1.0469636e-08   3.5502143e-22
   1.3000000e+02   6.5895881e+02   2.5879510e+00   5.6989900e-03   6.2820456e-03   3.4837128e+01   2.7386506e-04   2.1484157e-09  -1.1918660e-05   5.2382717e+00   6.2866455e-03   2.1468420e-09   9.9999995e-01   5.7005157e-08   2.1404365e-20
   1.4000000e+02   6.5906464e+02   2.5285480e+00   6.1797197e-03   6.6823465e-03   3.4867405e+01   2.7386534e-04   8.0004519e-09  -4.7771954e-05   5.4561163e+00   6.6877264e-03   7.9930809e-09   9.9999976e-01   2.4403005e-07   7.2079803e-19
   1.5000000e+02   6.5917439e+02   2.4643761e+00   6.6540707e-03   7.0569191e-03   3.4898691e+01   2.7386619e-04   2.4832934e-08  -1.5876881e-04   5.6351295e+00   7.0630743e-03   2.4804931e-08   9.9999914e-01   8.6177493e-07   1.5225985e-17
   1.6000000e+02   6.5928736e+02   2.3955005e+00   7.1212282e-03   7.4065442e-03   3.4930666e+01   2.7386840e-04   6.6509970e-08  -4.5321656e-04   5.7802919e+00   7.4134598e-03   6.6420241e-08   9.9999740e-01   2.6023925e-06   2.1997934e-16
   1.7000000e+02   6.5940292e+02   2.3219921e+00   7.5805818e-03   7.7323589e-03   3.4962931e+01   2.7387347e-04   1.5784076e-07  -1.1418074e-03   5.8957318e+00   7.7400115e-03   1.5759084e-07   9.9999309e-01   6.9089462e-06   2.3252414e-15
   1.8000000e+02   6.5952051e+02   2.2439174e+00   8.0316997e-03   8.0357039e-03   3.4994946e+01   2.7388400e-04   3.3880971e-07  -2.5928802e-03   5.9845561e+00   8.0440618e-03   3.3819044e-07   9.9998352e-01   1.6476321e-05   1.8949552e-14
   1.9000000e+02   6.5963963e+02   2.1613724e+00   8.4742928e-03   8.3180275e-03   3.5025953e+01   2.7390402e-04   6.6852775e-07  -5.3961750e-03   6.0488468e+00   8.3270499e-03   6.6713773e-07   9.9996410e-01   3.5899784e-05   1.2408536e-13
   2.0000000e+02   6.5975981e+02   2.0744496e+00   8.9081928e-03   8.5808162e-03   3.5054904e+01   2.7393938e-04   1.2283015e-06  -1.0429355e-02   6.0898453e+00   8.5904524e-03   1.2254346e-06   9.9992756e-01   7.2443453e-05   6.7479530e-13
   2.1000000e+02   6.5988058e+02   1.9832402e+00   9.3333284e-03   8.8255546e-03   3.5080385e+01   2.7399805e-04   2.1231976e-06  -1.8918187e-02   6.1033002e+00   8.8357266e-03   2.1177120e-06   9.9986313e-01   1.3686658e-04   3.1281570e-12
   2.2000000e+02   6.6000145e+02   1.8878260e+00   9.7497056e-03   9.0537066e-03   3.5100548e+01   2.7409028e-04   3.4821538e-06  -3.2488518e-02   6.0972269e+00   9.0643499e-03   3.4723025e-06   9.9975573e-01   2.4427238e-04   1.2632160e-11
   2.3000000e+02   6.6012190e+02   1.7882842e+00   1.0157392e-02   9.2666807e-03   3.5113073e+01   2.7422874e-04   5.4566198e-06  -5.3206435e-02   6.0608215e+00   9.2776812e-03   5.4399508e-06   9.9958507e-01   4.1493108e-04   4.5253372e-11
   2.4000000e+02   6.6024136e+02   1.6846996e+00   1.0556508e-02   9.4658391e-03   3.5115125e+01   2.7442844e-04   8.2176019e-06  -8.3600253e-02   5.9939153e+00   9.4770685e-03   8.1908674e-06   9.9932499e-01   6.7500785e-04   1.4601604e-10
   2.5000000e+02   6.6035919e+02   1.5771679e+00   1.0947206e-02   9.6524783e-03   3.5103349e+01   2.7470656e-04   1.1951635e-05  -1.2666665e-01   5.8927109e+00   9.6637822e-03   1.1910846e-05   9.9894282e-01   1.0571803e-03   4.2979519e-10
   2.6000000e+02   6.6047466e+02   1.4657781e+00   1.1329677e-02   9.8278297e-03   3.5073868e+01   2.7508224e-04   1.6855617e-05  -1.8585511e-01   5.7524634e+00   9.8390253e-03   1.6796292e-05   9.9839891e-01   1.6010855e-03   1.1664693e-09
   2.7000000e+02   6.6058695e+02   1.3506095e+00   1.1704128e-02   9.9930524e-03   3.5022282e+01   2.7557612e-04   2.3130902e-05  -2.6502992e-01   5.5680643e+00   1.0003931e-02   2.3048578e-05   9.9764642e-01   2.3535774e-03   2.9451517e-09
   2.8000000e+02   6.6069513e+02   1.2317356e+00   1.2070787e-02   1.0149234e-02   3.4943734e+01   2.7621018e-04   3.0978897e-05  -3.6845907e-01   5.3341996e+00   1.0159566e-02   3.0869950e-05   9.9663088e-01   3.3691176e-03   6.9730126e-09
   2.9000000e+02   6.6079815e+02   1.1092234e+00   1.2429894e-02   1.0297386e-02   3.4832933e+01   2.7700726e-04   4.0594872e-05  -5.0076652e-01   5.0450407e+00   1.0306929e-02   4.0457670e-05   9.9529008e-01   4.7098989e-03   1.5588446e-08
   3.0000000e+02   6.6089486e+02   9.8315287e-01   1.2781695e-02   1.0438446e-02   3.4684202e+01   2.7799074e-04   5.2162877e-05  -6.6688637e-01   4.6943819e+00   1.0446959e-02   5.1999199e-05   9.9355400e-01   6.4459695e-03   3.3101688e-08
   3.1000000e+02   6.6098397e+02   8.5360128e-01   1.3126444e-02   1.0573274e-02   3.4491513e+01   2.7918426e-04   6.5850171e-05  -8.7201750e-01   4.2755905e+00   1.0580532e-02   6.5666687e-05   9.9134455e-01   8.6553811e-03   6.7115871e-08
   3.2000000e+02   6.6106406e+02   7.2063984e-01   1.3464396e-02   1.0702655e-02   3.4248549e+01   2.8061133e-04   8.1802305e-05  -1.1215662e+00   3.7812120e+00   1.0708473e-02   8.1611755e-05   9.8857560e-01   1.1424274e-02   1.3052959e-07
   3.3000000e+02   6.6113354e+02   5.8433543e-01   1.3795809e-02   1.0827289e-02   3.3948743e+01   2.8229519e-04   1.0013770e-04  -1.4210894e+00   3.2030917e+00   1.0831557e-02   9.9959014e-05   9.8515264e-01   1.4847111e-02   2.4447338e-07
   3.4000000e+02   6.6119067e+02   4.4474967e-01   1.4120939e-02   1.0947802e-02   3.3585339e+01   2.8425863e-04   1.2094385e-04  -1.7762718e+00   2.5325513e+00   1.0950523e-02   1.2079998e-04   9.8097231e-01   1.9027245e-02   4.4253595e-07
   3.5000000e+02   6.6123351e+02   3.0194258e-01   1.4440041e-02   1.1064743e-02   3.3151441e+01   2.8652397e-04   1.4427275e-04  -2.1929024e+00   1.7597592e+00   1.1066078e-02   1.4418447e-04   9.7592145e-01   2.4077774e-02   7.7672434e-07
   3.6000000e+02   6.6125992e+02   1.5597231e-01   1.4753365e-02   1.1178573e-02   3.2640081e+01   2.8911284e-04   1.7013439e-04  -2.6767878e+00   8.7303488e-01   1.1178906e-02   1.7010711e-04   9.6987659e-01   3.0122084e-02   1.3257021e-06
   3.7000000e+02   6.6126751e+02   6.8953454e-03   1.5061203e-02   1.1289674e-02   3.2044234e+01   2.9204646e-04   1.9849381e-04  -3.2337588e+00  -1.4151250e-01   1.1289683e-02   1.9849292e-04   9.6270197e-01   3.7295823e-02   2.2061358e-06
   3.8000000e+02   6.6125359e+02  -1.4523439e-01   1.5363709e-02   1.1398344e-02   3.1356936e+01   2.9534546e-04   2.2926320e-04  -3.8695692e+00  -1.3003037e+00   1.1399092e-02   2.2917085e-04   9.5424809e-01   4.5748313e-02   3.5881561e-06
   3.9000000e+02   6.6121511e+02  -3.0036564e-01   1.5661212e-02   1.1504782e-02   3.0571408e+01   2.9903000e-04   2.6229196e-04  -4.5898041e+00  -2.6236503e+00   1.1507831e-02   2.6183430e-04   9.4434938e-01   5.5644907e-02   5.7164435e-06
   4.0000000e+02   6.6114857e+02  -4.5844889e-01   1.5953935e-02   1.1609094e-02   2.9681161e+01   3.0312002e-04   2.9736130e-04  -5.3998014e+00  -4.1372727e+00   1.1616641e-02   2.9598823e-04   9.3282022e-01   6.7170837e-02   8.9392165e-06
   4.1000000e+02   6.6104991e+02  -6.1943522e-01   1.6242123e-02   1.1711278e-02   2.8680275e+01   3.0763533e-04   3.3416919e-04  -6.3044274e+00  -5.8712302e+00   1.1726330e-02   3.3086054e-04   9.1945106e-01   8.0535195e-02   1.3748160e-05
   4.2000000e+02   6.6091446e+02  -7.8327504e-01   1.6526029e-02   1.1811210e-02   2.7563740e+01   3.1259564e-04   3.7231630e-04  -7.3078474e+00  -7.8619038e+00   1.1837776e-02   3.6527313e-04   9.0400228e-01   9.5976884e-02   2.0835521e-05
   4.3000000e+02   6.6073668e+02  -9.4992942e-01   1.6805908e-02   1.1908626e-02   2.6327947e+01   3.1802086e-04   4.1128353e-04  -8.4131037e+00  -1.0160054e+01   1.1952001e-02   3.9742319e-04   8.8619597e-01   1.1377286e-01   3.1175601e-05
   4.4000000e+02   6.6050990e+02  -1.1193823e+00   1.7082021e-02   1.2003084e-02   2.4971972e+01   3.2392997e-04   4.5039454e-04  -9.6209816e+00  -1.2833367e+01   1.2070226e-02   4.2452663e-04   8.6570982e-01   1.3424404e-01   4.6140445e-05
   4.5000000e+02   6.6022602e+02  -1.2915660e+00   1.7354637e-02   1.2093932e-02   2.3498945e+01   3.3034094e-04   4.8877642e-04  -1.0928935e+01  -1.5947536e+01   1.2193672e-02   4.4238914e-04   8.4216315e-01   1.5776918e-01   6.7677592e-05
   4.6000000e+02   6.5987573e+02  -1.4664637e+00   1.7624043e-02   1.2180252e-02   2.1918319e+01   3.3726768e-04   5.2531010e-04  -1.2329276e+01  -1.9594678e+01   1.2323746e-02   4.4459356e-04   8.1510680e-01   1.8479461e-01   9.8592472e-05
   4.7000000e+02   6.5944741e+02  -1.6440332e+00   1.7890531e-02   1.2260746e-02   2.0251520e+01   3.4471447e-04   5.5850650e-04  -1.3804164e+01  -2.3872362e+01   1.2461681e-02   4.2154213e-04   7.8402220e-01   2.1583486e-01   1.4294582e-04
   4.8000000e+02   6.5892830e+02  -1.8242655e+00   1.8154391e-02   1.2333682e-02   1.8537768e+01   3.5266514e-04   5.8645534e-04  -1.5320818e+01  -2.8828152e+01   1.2607397e-02   3.6023916e-04   7.4833271e-01   2.5146056e-01   2.0672884e-04
   4.9000000e+02   6.5830534e+02  -2.0071202e+00   1.8415873e-02   1.2396771e-02   1.6846123e+01   3.6105893e-04   6.0670815e-04  -1.6820990e+01  -3.4405754e+01   1.2758110e-02   2.4590870e-04   7.0748649e-01   2.9221472e-01   2.9878728e-04
   5.0000000e+02   6.5756929e+02  -2.1925749e+00   1.8675098e-02   1.2447242e-02   1.5288883e+01   3.6975119e-04   6.1635970e-04  -1.8209280e+01  -4.0231817e+01   1.2904283e-02   7.2017122e-05   6.6115951e-01   3.3840851e-01   4.3196672e-04
   5.1000000e+02   6.5672362e+02  -2.3806104e+00   1.8931890e-02   1.2482291e-02   1.4027466e+01   3.7845679e-04   6.1249511e-04  -1.9347378e+01  -4.5370626e+01   1.3025554e-02  -1.3680048e-04   6.0969847e-01   3.8967779e-01   6.2374657e-04
   5.2000000e+02   6.5579733e+02  -2.5712065e+00   1.9185562e-02   1.2500392e-02   1.3248601e+01   3.8671855e-04   5.9343114e-04  -2.0074196e+01  -4.7900718e+01   1.3082704e-02  -2.8888435e-04   5.5474453e-01   4.4436114e-01   8.9434022e-04
   5.3000000e+02   6.5484923e+02  -2.7643072e+00   1.9434943e-02   1.2503129e-02   1.3086469e+01   3.9400795e-04   5.6081873e-04  -2.0282443e+01  -4.7479803e+01   1.3078286e-02  -3.3060457e-04   4.9939043e-01   4.9934884e-01   1.2607219e-03
   5.4000000e+02   6.5394860e+02  -2.9598851e+00   1.9678832e-02   1.2495301e-02   1.3481741e+01   3.9995884e-04   5.1939413e-04  -1.9986536e+01  -4.3740371e+01   1.3006955e-02  -2.3912849e-04   4.4716657e-01   5.5110390e-01   1.7295919e-03
   5.5000000e+02   6.5314405e+02  -3.1578691e+00   1.9916574e-02   1.2482773e-02   1.4312364e+01   4.0452213e-04   4.7497474e-04  -1.9321639e+01  -3.8267936e+01   1.2905716e-02  -9.5996763e-05   4.0048014e-01   5.9722303e-01   2.2968025e-03
   5.6000000e+02   6.5245103e+02  -3.3581974e+00   2.0148191e-02   1.2469892e-02   1.5383051e+01   4.0789591e-04   4.3182215e-04  -1.8444587e+01  -3.2663504e+01   1.2806739e-02   2.7935859e-05   3.6003392e-01   6.3701210e-01   2.9539213e-03
   5.7000000e+02   6.5186321e+02  -3.5608139e+00   2.0374084e-02   1.2458987e-02   1.6548410e+01   4.1035084e-04   3.9215879e-04  -1.7480714e+01  -2.7659217e+01   1.2723225e-02   1.1303364e-04   3.2542934e-01   6.7087758e-01   3.6931112e-03
   5.8000000e+02   6.5136578e+02  -3.7656582e+00   2.0594755e-02   1.2450926e-02   1.7717395e+01   4.1212961e-04   3.5674776e-04  -1.6509179e+01  -2.3460656e+01   1.2657874e-02   1.6391208e-04   2.9585233e-01   6.9963904e-01   4.5087896e-03
   5.9000000e+02   6.5094293e+02  -3.9726861e+00   2.0810684e-02   1.2445810e-02   1.8840539e+01   4.1341927e-04   3.2558896e-04  -1.5573323e+01  -2.0025755e+01   1.2608813e-02   1.9085324e-04   2.7045264e-01   7.2414981e-01   5.3974813e-03
   6.0000000e+02   6.5058076e+02  -4.1818610e+00   2.1022277e-02   1.2443379e-02   1.9895372e+01   4.1435822e-04   2.9833270e-04  -1.4693271e+01  -1.7228390e+01   1.2572865e-02   2.0270383e-04   2.4847808e-01   7.4516463e-01   6.3574111e-03
   6.1000000e+02   6.5026808e+02  -4.3931168e+00   2.1229867e-02   1.2443296e-02   2.0871476e+01   4.1504200e-04   2.7456169e-04  -1.3878451e+01  -1.4945062e+01   1.2547168e-02   2.0549201e-04   2.2932977e-01   7.6328295e-01   7.3872085e-03
   6.2000000e+02   6.4999580e+02  -4.6064438e+00   2.1433734e-02   1.2445180e-02   2.1768467e+01   4.1554188e-04   2.5381925e-04  -1.3129687e+01  -1.3071113e+01   1.2529375e-02   2.0303717e-04   2.1251201e-01   7.7900174e-01   8.4865330e-03
   6.3000000e+02   6.4975684e+02  -4.8217855e+00   2.1634104e-02   1.2448708e-02   2.2588073e+01   4.1590551e-04   2.3571787e-04  -1.2445784e+01  -1.1518833e+01   1.2517623e-02   1.9774623e-04   1.9764632e-01   7.9269874e-01   9.6546446e-03
   6.4000000e+02   6.4954556e+02  -5.0391056e+00   2.1831173e-02   1.2453569e-02   2.3335648e+01   4.1617176e-04   2.1988631e-04  -1.1822415e+01  -1.0223384e+01   1.2510524e-02   1.9103180e-04   1.8441709e-01   8.0469122e-01   1.0891748e-02
   6.5000000e+02   6.4935744e+02  -5.2583976e+00   2.2025107e-02   1.2459520e-02   2.4016178e+01   4.1636594e-04   2.0602512e-04  -1.1255498e+01  -9.1370357e+00   1.2507058e-02   1.8374584e-04   1.7257984e-01   8.1522309e-01   1.2197476e-02
   6.6000000e+02   6.4918880e+02  -5.4796093e+00   2.2216048e-02   1.2466345e-02   2.4635189e+01   4.1650552e-04   1.9386914e-04  -1.0740476e+01  -8.2165568e+00   1.2506374e-02   1.7641707e-04   1.6193240e-01   8.2449595e-01   1.3571468e-02
   6.7000000e+02   6.4903678e+02  -5.7027066e+00   2.2404125e-02   1.2473865e-02   2.5198047e+01   4.1660874e-04   1.8319306e-04  -1.0272835e+01  -7.4305185e+00   1.2507850e-02   1.6933822e-04   1.5231164e-01   8.3267419e-01   1.5013788e-02
   6.8000000e+02   6.4889892e+02  -5.9276698e+00   2.2589451e-02   1.2481928e-02   2.5709936e+01   4.1668623e-04   1.7380014e-04  -9.8482323e+00  -6.7593901e+00   1.2511044e-02   1.6264723e-04   1.4357975e-01   8.3989621e-01   1.6524082e-02
   6.9000000e+02   6.4877318e+02  -6.1544850e+00   2.2772129e-02   1.2490409e-02   2.6175539e+01   4.1674258e-04   1.6552642e-04  -9.4627620e+00  -6.1822563e+00   1.2515566e-02   1.5643184e-04   1.3562297e-01   8.4627557e-01   1.8101952e-02
   7.0000000e+02   6.4865791e+02  -6.3831147e+00   2.2952250e-02   1.2499208e-02   2.6598974e+01   4.1678729e-04   1.5823322e-04  -9.1129798e+00  -5.6815303e+00   1.2521108e-02   1.5073025e-04   1.2834841e-01   8.5190502e-01   1.9747114e-02
   7.1000000e+02   6.4855175e+02  -6.6135297e+00   2.3129901e-02   1.2508238e-02   2.6984017e+01   4.1682442e-04   1.5179999e-04  -8.7957127e+00  -5.2477559e+00   1.2527459e-02   1.4553458e-04   1.2167749e-01   8.5686367e-01   2.1458740e-02
   7.2000000e+02   6.4845345e+02  -6.8457039e+00   2.3305161e-02   1.2517422e-02   2.7334419e+01   4.1685707e-04   1.4611729e-04  -8.5077903e+00  -4.8694741e+00   1.2534420e-02   1.4082649e-04   1.1553802e-01   8.6122454e-01   2.3236819e-02
   7.3000000e+02   6.4836208e+02  -7.0796172e+00   2.3478102e-02   1.2526700e-02   2.7653185e+01   4.1688788e-04   1.4109583e-04  -8.2466553e+00  -4.5374813e+00   1.2541838e-02   1.3658167e-04   1.0987411e-01   8.6504501e-01   2.5080336e-02
   7.4000000e+02   6.4827675e+02  -7.3152494e+00   2.3648794e-02   1.2536023e-02   2.7943200e+01   4.1691879e-04   1.3665583e-04  -8.0098918e+00  -4.2467874e+00   1.2549603e-02   1.3276298e-04   1.0463496e-01   8.6837642e-01   2.6988490e-02
   7.5000000e+02   6.4819673e+02  -7.5525808e+00   2.3817301e-02   1.2545348e-02   2.8206959e+01   4.1695127e-04   1.3273057e-04  -7.7954062e+00  -3.9913066e+00   1.2557619e-02   1.2933927e-04   9.9777750e-02   8.7126186e-01   2.8960770e-02
   7.6000000e+02   6.4812138e+02  -7.7915917e+00   2.3983683e-02   1.2554639e-02   2.8446839e+01   4.1698620e-04   1.2925834e-04  -7.6012039e+00  -3.7670911e+00   1.2565809e-02   1.2627370e-04   9.5264044e-02   8.7374075e-01   3.0996037e-02
   7.7000000e+02   6.4805012e+02  -8.0322558e+00   2.4147999e-02   1.2563868e-02   2.8664967e+01   4.1702420e-04   1.2618592e-04  -7.4255037e+00  -3.5683727e+00   1.2574099e-02   1.2353562e-04   9.1060163e-02   8.7584735e-01   3.3093553e-02
   7.8000000e+02   6.4798252e+02  -8.2745520e+00   2.4310301e-02   1.2573012e-02   2.8863083e+01   4.1706579e-04   1.2347013e-04  -7.2668343e+00  -3.3925540e+00   1.2582444e-02   1.2109556e-04   8.7139116e-02   8.7760951e-01   3.5252299e-02
   7.9000000e+02   6.4791813e+02  -8.5184602e+00   2.4470642e-02   1.2582048e-02   2.9043058e+01   4.1711095e-04   1.2106659e-04  -7.1236320e+00  -3.2374034e+00   1.2590801e-02   1.1891990e-04   8.3473411e-02   8.7905578e-01   3.7471029e-02
   8.0000000e+02   6.4785659e+02  -8.7639596e+00   2.4629072e-02   1.2590961e-02   2.9206389e+01   4.1715980e-04   1.1894073e-04  -6.9946245e+00  -3.0991882e+00   1.2599128e-02   1.1698478e-04   8.0041054e-02   8.8020942e-01   3.9748749e-02
   8.1000000e+02   6.4779759e+02  -9.0110321e+00   2.4785636e-02   1.2599735e-02   2.9354496e+01   4.1721217e-04   1.1705946e-04  -6.8785929e+00  -2.9761146e+00   1.2607398e-02   1.1526369e-04   7.6821803e-02   8.8109268e-01   4.2084232e-02
   8.2000000e+02   6.4774085e+02  -9.2596606e+00   2.4940380e-02   1.2608362e-02   2.9488659e+01   4.1726788e-04   1.1539500e-04  -6.7744618e+00  -2.8669182e+00   1.2615593e-02   1.1373370e-04   7.3797988e-02   8.8172458e-01   4.4476095e-02
   8.3000000e+02   6.4768612e+02  -9.5098276e+00   2.5093347e-02   1.2616830e-02   2.9610098e+01   4.1732661e-04   1.1392138e-04  -6.6812069e+00  -2.7700314e+00   1.2623691e-02   1.1237329e-04   7.0952985e-02   8.8212301e-01   4.6923024e-02
   8.4000000e+02   6.4763316e+02  -9.7615153e+00   2.5244578e-02   1.2625134e-02   2.9719790e+01   4.1738826e-04   1.1261798e-04  -6.5980175e+00  -2.6832688e+00   1.2631673e-02   1.1116627e-04   6.8273325e-02   8.8230196e-01   4.9424475e-02
   8.5000000e+02   6.4758181e+02  -1.0014708e+01   2.5394114e-02   1.2633268e-02   2.9818823e+01   4.1745223e-04   1.1146263e-04  -6.5239667e+00  -2.6060053e+00   1.2639530e-02   1.1009268e-04   6.5745543e-02   8.8227766e-01   5.1977691e-02
   8.6000000e+02   6.4753187e+02  -1.0269391e+01   2.5541991e-02   1.2641227e-02   2.9908084e+01   4.1751821e-04   1.1043817e-04  -6.4583185e+00  -2.5371745e+00   1.2647250e-02   1.0913767e-04   6.3357888e-02   8.8206275e-01   5.4581840e-02
   8.7000000e+02   6.4748320e+02  -1.0525547e+01   2.5688248e-02   1.2649011e-02   2.9988308e+01   4.1758599e-04   1.0952994e-04  -6.4004562e+00  -2.4752631e+00   1.2654825e-02   1.0828906e-04   6.1100740e-02   8.8166800e-01   5.7235987e-02
   8.8000000e+02   6.4743568e+02  -1.0783156e+01   2.5832918e-02   1.2656616e-02   3.0060366e+01   4.1765494e-04   1.0872155e-04  -6.3496437e+00  -2.4204276e+00   1.2662252e-02   1.0753102e-04   5.8963842e-02   8.8110688e-01   5.9937519e-02
   8.9000000e+02   6.4738916e+02  -1.1042206e+01   2.5976038e-02   1.2664041e-02   3.0124879e+01   4.1772485e-04   1.0800215e-04  -6.3053733e+00  -2.3713119e+00   1.2669524e-02   1.0685460e-04   5.6938802e-02   8.8039074e-01   6.2686359e-02
   9.0000000e+02   6.4734355e+02  -1.1302678e+01   2.6117638e-02   1.2671285e-02   3.0182591e+01   4.1779512e-04   1.0735834e-04  -6.2670085e+00  -2.3266445e+00   1.2676633e-02   1.0624807e-04   5.5017412e-02   8.7950456e-01   6.5479308e-02
   9.1000000e+02   6.4729877e+02  -1.1564558e+01   2.6257751e-02   1.2678350e-02   3.0233987e+01   4.1786554e-04   1.0678147e-04  -6.2341489e+00  -2.2870227e+00   1.2683583e-02   1.0570254e-04   5.3193358e-02   8.7847986e-01   6.8315782e-02
   9.2000000e+02   6.4725471e+02  -1.1827831e+01   2.6396408e-02   1.2685236e-02   3.0279715e+01   4.1793559e-04   1.0626088e-04  -6.2062648e+00  -2.2511360e+00   1.2690369e-02   1.0520886e-04   5.1459132e-02   8.7734626e-01   7.1193852e-02
   9.3000000e+02   6.4721133e+02  -1.2092482e+01   2.6533638e-02   1.2691944e-02   3.0320182e+01   4.1800504e-04   1.0578982e-04  -6.1830039e+00  -2.2185883e+00   1.2696990e-02   1.0476083e-04   4.9809842e-02   8.7608059e-01   7.4112065e-02
   9.4000000e+02   6.4716854e+02  -1.2358496e+01   2.6669471e-02   1.2698476e-02   3.0355905e+01   4.1807344e-04   1.0535988e-04  -6.1639072e+00  -2.1893168e+00   1.2703448e-02   1.0435029e-04   4.8239326e-02   8.7469502e-01   7.7068886e-02
   9.5000000e+02   6.4712631e+02  -1.2625862e+01   2.6803933e-02   1.2704833e-02   3.0387343e+01   4.1814041e-04   1.0496427e-04  -6.1489557e+00  -2.1625829e+00   1.2709741e-02   1.0397118e-04   4.6742532e-02   8.7319842e-01   8.0062120e-02
   9.6000000e+02   6.4708457e+02  -1.2894567e+01   2.6937053e-02   1.2711018e-02   3.0414876e+01   4.1820568e-04   1.0459727e-04  -6.1363171e+00  -2.1386301e+00   1.2715872e-02   1.0361791e-04   4.5314984e-02   8.7159713e-01   8.3090474e-02
   9.7000000e+02   6.4704327e+02  -1.3164594e+01   2.7068856e-02   1.2717034e-02   3.0438822e+01   4.1826905e-04   1.0425429e-04  -6.1275677e+00  -2.1165140e+00   1.2721842e-02   1.0328654e-04   4.3952748e-02   8.6989611e-01   8.6153132e-02
   9.8000000e+02   6.4700239e+02  -1.3435934e+01   2.7199368e-02   1.2722883e-02   3.0459655e+01   4.1832996e-04   1.0392940e-04  -6.1217459e+00  -2.0957517e+00   1.2727648e-02   1.0297173e-04   4.2651163e-02   8.6810363e-01   8.9246582e-02
   9.9000000e+02   6.4696190e+02  -1.3708573e+01   2.7328612e-02   1.2728568e-02   3.0477580e+01   4.1838840e-04   1.0361970e-04  -6.1184632e+00  -2.0769504e+00   1.2733298e-02   1.0267011e-04   4.1407525e-02   8.6622293e-01   9.2370359e-02
   1.0000000e+03   6.4692176e+02  -1.3982498e+01   2.7456613e-02   1.2734092e-02   3.0492943e+01   4.1844401e-04   1.0332036e-04  -6.1174798e+00  -2.0602631e+00   1.2738796e-02   1.0237674e-04   4.0217904e-02   8.6425959e-01   9.5522836e-02
