   1.0000000e+01   6.5830570e+02   2.9252649e+00   1.7277455e-04   7.0857598e-05   3.4649241e+01   1.5440272e-04  1.1911845e-112 -5.1348525e-110   2.3842565e-01   7.0858327e-05  1.1911845e-112   1.0000000e+00  2.0535948e-113  5.7518108e-274
   1.5000000e+01   6.5830806e+02   2.9242627e+00   2.3883956e-04   2.9650308e-04   3.4649920e+01   1.5440272e-04   2.0777679e-75  -1.3375605e-72   3.2273415e-01   2.9650508e-04   2.0777679e-75   1.0000000e+00   8.0197761e-76  7.8785260e-183
   2.0000000e+01   6.5831252e+02   2.9227693e+00   3.6830136e-04   6.2809528e-04   3.4651209e+01   1.5440272e-04   8.2389200e-57  -7.0386031e-54   5.3436645e-01   6.2810259e-04   8.2389185e-57   1.0000000e+00   5.6191502e-57  3.5307563e-137
   2.5000000e+01   6.5831851e+02   2.9204998e+00   5.4584399e-04   9.7342121e-04   3.4652939e+01   1.5440272e-04   1.1593917e-45  -1.2333420e-42   6.6948645e-01   9.7343557e-04   1.1593912e-45   1.0000000e+00   1.2282110e-45  9.7630763e-110
   3.0000000e+01   6.5832572e+02   2.9172637e+00   7.5205136e-04   1.2931500e-03   3.4655022e+01   1.5440272e-04   3.0708570e-38  -3.9099884e-35   7.9620907e-01   1.2931744e-03   3.0708543e-38   1.0000000e+00   4.6603689e-38   2.0669710e-91
   3.5000000e+01   6.5833429e+02   2.9129540e+00   9.7360307e-04   1.5846974e-03   3.4657495e+01   1.5440272e-04   6.0281156e-33  -8.9421713e-30   9.4948764e-01   1.5847379e-03   6.0281051e-33   1.0000000e+00   1.2398020e-32   2.6582936e-78
   4.0000000e+01   6.5834457e+02   2.9075143e+00   1.2031476e-03   1.8569080e-03   3.4660464e+01   1.5440272e-04   5.5068839e-29  -9.3316495e-26   1.1443766e+00   1.8569751e-03   5.5068658e-29   1.0000000e+00   1.4738927e-28   1.8573141e-68
   4.5000000e+01   6.5835699e+02   2.9009149e+00   1.4370516e-03   2.1186959e-03   3.4664048e+01   1.5440272e-04   6.5042534e-26  -1.2401704e-22   1.3797552e+00   2.1188057e-03   6.5042141e-26   1.0000000e+00   2.1961692e-25   8.5814650e-61
   5.0000000e+01   6.5837190e+02   2.8931387e+00   1.6736382e-03   2.3761797e-03   3.4668351e+01   1.5440272e-04   1.8347709e-23  -3.8893755e-20   1.6465877e+00   2.3763535e-03   1.8347514e-23   1.0000000e+00   7.6257833e-23   1.1766340e-54
   5.5000000e+01   6.5838957e+02   2.8841744e+00   1.9121670e-03   2.6328152e-03   3.4673448e+01   1.5440272e-04   1.8276385e-21  -4.2652021e-18   1.9336105e+00   2.6330789e-03   1.8276060e-21   1.0000000e+00   9.1653969e-21   1.2460320e-49
   6.0000000e+01   6.5841012e+02   2.8740134e+00   2.1523058e-03   2.8901617e-03   3.4679378e+01   1.5440272e-04   8.3448983e-20  -2.1264938e-16   2.2302864e+00   2.8905445e-03   8.3446636e-20   1.0000000e+00   4.9663812e-19   1.9297307e-45
   6.5000000e+01   6.5843362e+02   2.8626481e+00   2.3938760e-03   3.1485731e-03   3.4686155e+01   1.5440272e-04   2.0924714e-18  -5.7820027e-15   2.5280005e+00   3.1491060e-03   2.0923826e-18   1.0000000e+00   1.4573381e-17   6.8029800e-42
   7.0000000e+01   6.5846005e+02   2.8500719e+00   2.6367367e-03   3.4076901e-03   3.4693773e+01   1.5440272e-04   3.2786354e-17  -9.7654774e-14   2.8202849e+00   3.4084045e-03   3.2784343e-17   1.0000000e+00   2.6404492e-16   7.4909917e-39
   7.5000000e+01   6.5848931e+02   2.8362791e+00   2.8807366e-03   3.6667674e-03   3.4702209e+01   1.5440272e-04   3.5287735e-16  -1.1270586e-12   3.1026021e+00   3.6676941e-03   3.5284725e-16   1.0000000e+00   3.2523037e-15   3.2489529e-36
   8.0000000e+01   6.5852131e+02   2.8212642e+00   3.1256993e-03   3.9248841e-03   3.4711427e+01   1.5440272e-04   2.8008416e-15  -9.5488539e-12   3.3719888e+00   3.9260520e-03   2.8005203e-15   1.0000000e+00   2.9275529e-14   6.6069556e-34
   8.5000000e+01   6.5855589e+02   2.8050225e+00   3.3714221e-03   4.1810762e-03   3.4721388e+01   1.5440272e-04   1.7308222e-14  -6.2734105e-11   3.6266655e+00   4.1825122e-03   1.7305628e-14   1.0000000e+00   2.0354098e-13   7.1990955e-32
   9.0000000e+01   6.5859292e+02   2.7875501e+00   3.6176830e-03   4.4344191e-03   3.4732048e+01   1.5440272e-04   8.6863458e-14  -3.3351868e-10   3.8657211e+00   4.4361473e-03   8.6846863e-14   1.0000000e+00   1.1411562e-12   4.6633881e-30
   9.5000000e+01   6.5863223e+02   2.7688443e+00   3.8642484e-03   4.6840769e-03   3.4743362e+01   1.5440272e-04   3.6600333e-13  -1.4839121e-09   4.0888585e+00   4.6861185e-03   3.6591614e-13   1.0000000e+00   5.3377265e-12   1.9494248e-28
   1.0000000e+02   6.5867368e+02   2.7489055e+00   4.1108792e-03   4.9293225e-03   3.4755282e+01   1.5440272e-04   1.3296435e-12  -5.6760705e-09   4.2961954e+00   4.9316960e-03   1.3292558e-12   1.0000000e+00   2.1404482e-11   5.6159770e-27
   1.0500000e+02   6.5871709e+02   2.7277347e+00   4.3573402e-03   5.1695507e-03   3.4767763e+01   1.5440272e-04   4.2551534e-12  -1.9076049e-08   4.4881305e+00   5.1722717e-03   4.2536605e-12   1.0000000e+00   7.5224361e-11   1.1758394e-25
   1.1000000e+02   6.5876233e+02   2.7053335e+00   4.6034022e-03   5.4042738e-03   3.4780763e+01   1.5440272e-04   1.2207751e-11  -5.7337751e-08   4.6652390e+00   5.4073552e-03   1.2202671e-11   1.0000000e+00   2.3590249e-10   1.8684527e-24
   1.1500000e+02   6.5880926e+02   2.6817038e+00   4.8488475e-03   5.6331171e-03   3.4794240e+01   1.5440272e-04   3.1855050e-11  -1.5641461e-07   4.8282128e+00   5.6365691e-03   3.1839532e-11   1.0000000e+00   6.7002117e-10   2.3358499e-23
   1.2000000e+02   6.5885773e+02   2.6568472e+00   5.0934730e-03   5.8558048e-03   3.4808152e+01   1.5440273e-04   7.6520860e-11  -3.9202861e-07   4.9778031e+00   5.8596353e-03   7.6477719e-11   1.0000000e+00   1.7451098e-09   2.3674510e-22
   1.2500000e+02   6.5890762e+02   2.6307691e+00   5.3370907e-03   6.0721507e-03   3.4822464e+01   1.5440273e-04   1.7093248e-10  -9.1205157e-07   5.1147814e+00   6.0763655e-03   1.7082208e-10   1.0000000e+00   4.2117254e-09   1.9950167e-21
   1.3000000e+02   6.5895881e+02   2.6034765e+00   5.5795277e-03   6.2820437e-03   3.4837139e+01   1.5440274e-04   3.5811141e-10  -1.9867884e-06   5.2399180e+00   6.2866465e-03   3.5784891e-10   9.9999999e-01   9.5023133e-09   1.4279551e-20
   1.3500000e+02   6.5901119e+02   2.5749765e+00   5.8206297e-03   6.4854379e-03   3.4852143e+01   1.5440275e-04   7.0877054e-10  -4.0823754e-06   5.3539772e+00   6.4904307e-03   7.0818572e-10   9.9999998e-01   2.0192206e-08   8.8393766e-20
   1.4000000e+02   6.5906464e+02   2.5452750e+00   6.0602571e-03   6.6823398e-03   3.4867447e+01   1.5440279e-04   1.3334457e-09  -7.9623340e-06   5.4577072e+00   6.6877229e-03   1.3322164e-09   9.9999996e-01   4.0673184e-08   4.8062419e-19
   1.4500000e+02   6.5911908e+02   2.5143771e+00   6.2982857e-03   6.8727982e-03   3.4883017e+01   1.5440283e-04   2.3974565e-09  -1.4821920e-05   5.5518261e+00   6.8785705e-03   2.3950039e-09   9.9999992e-01   7.8093503e-08   2.3265930e-18
   1.5000000e+02   6.5917440e+02   2.4822928e+00   6.5346074e-03   7.0568984e-03   3.4898829e+01   1.5440292e-04   4.1384683e-09  -2.6457882e-05   5.6370136e+00   7.0630577e-03   4.1337988e-09   9.9999986e-01   1.4361225e-07   1.0144554e-17
   1.5500000e+02   6.5923053e+02   2.4490329e+00   6.7691267e-03   7.2347510e-03   3.4914852e+01   1.5440307e-04   6.8862866e-09  -4.5474975e-05   5.7139062e+00   7.2412939e-03   6.8777647e-09   9.9999974e-01   2.5401087e-07   4.0247989e-17
   1.6000000e+02   6.5928739e+02   2.4146062e+00   7.0017626e-03   7.4064887e-03   3.4931061e+01   1.5440329e-04   1.1084204e-08  -7.5527286e-05   5.7831108e+00   7.4134111e-03   1.1069236e-08   9.9999956e-01   4.3368782e-07   1.4657416e-16
   1.6500000e+02   6.5934490e+02   2.3790203e+00   7.2324438e-03   7.5722605e-03   3.4947430e+01   1.5440363e-04   1.7311460e-08  -1.2159508e-04   5.8452038e+00   7.5795574e-03   1.7286071e-08   9.9999929e-01   7.1706885e-07   4.9381723e-16
   1.7000000e+02   6.5940300e+02   2.3422841e+00   7.4611113e-03   7.7322271e-03   3.4963932e+01   1.5440414e-04   2.6305974e-08  -1.9029156e-04   5.9007136e+00   7.7398929e-03   2.6264253e-08   9.9999885e-01   1.1514339e-06   1.5497769e-15
   1.7500000e+02   6.5946162e+02   2.3044105e+00   7.6877166e-03   7.8865556e-03   3.4980539e+01   1.5440486e-04   3.8985701e-08  -2.9018840e-04   5.9501186e+00   7.8945841e-03   3.8919099e-08   9.9999820e-01   1.8001152e-06   4.5584961e-15
   1.8000000e+02   6.5952071e+02   2.2654110e+00   7.9122187e-03   8.0354210e-03   3.4997223e+01   1.5440590e-04   5.6468582e-08  -4.3215340e-04   5.9938675e+00   8.0438055e-03   5.6365048e-08   9.9999725e-01   2.7460451e-06   1.2634027e-14
   1.8500000e+02   6.5958021e+02   2.2252943e+00   8.1345853e-03   8.1789999e-03   3.5013956e+01   1.5440731e-04   8.0090370e-08  -6.2970180e-04   6.0323771e+00   8.1877333e-03   7.9933305e-08   9.9999591e-01   4.0956495e-06   3.3152833e-14
   1.9000000e+02   6.5964007e+02   2.1840685e+00   8.3547919e-03   8.3174691e-03   3.5030706e+01   1.5440923e-04   1.1141922e-07  -8.9934667e-04   6.0660252e+00   8.3265441e-03   1.1118624e-07   9.9999402e-01   5.9830048e-06   8.2726492e-14
   1.9500000e+02   6.5970024e+02   2.1417476e+00   8.5728197e-03   8.4510070e-03   3.5047438e+01   1.5441179e-04   1.5226744e-07  -1.2609365e-03   6.0951448e+00   8.4604158e-03   1.5192893e-07   9.9999142e-01   8.5741748e-06   1.9706355e-13
   2.0000000e+02   6.5976069e+02   2.0983440e+00   8.7886560e-03   8.5797900e-03   3.5064116e+01   1.5441512e-04   2.0469570e-07  -1.7379468e-03   6.1200296e+00   8.5895246e-03   2.0421321e-07   9.9998793e-01   1.2071498e-05   4.4967888e-13
   2.0500000e+02   6.5982137e+02   2.0538672e+00   9.0022939e-03   8.7039911e-03   3.5080701e+01   1.5441942e-04   2.7101674e-07  -2.3577690e-03   6.1409525e+00   8.7140430e-03   2.7034116e-07   9.9998328e-01   1.6718026e-05   9.8602838e-13
   2.1000000e+02   6.5988225e+02   2.0083248e+00   9.2137313e-03   8.8237818e-03   3.5097146e+01   1.5442489e-04   3.5379705e-07  -3.1520189e-03   6.1581616e+00   8.8341425e-03   3.5286658e-07   9.9997719e-01   2.2802264e-05   2.0835948e-12
   2.1500000e+02   6.5994328e+02   1.9617310e+00   9.4229687e-03   8.9393290e-03   3.5113404e+01   1.5443175e-04   4.5584452e-07  -4.1566753e-03   6.1718569e+00   8.9499895e-03   4.5458254e-07   9.9996934e-01   3.0661892e-05   4.2540298e-12
   2.2000000e+02   6.6000443e+02   1.9140986e+00   9.6300124e-03   9.0507955e-03   3.5129423e+01   1.5444025e-04   5.8020057e-07  -5.4122653e-03   6.1822059e+00   9.0617466e-03   5.7851338e-07   9.9995931e-01   4.0687952e-05   8.4112816e-12
   2.2500000e+02   6.6006568e+02   1.8654370e+00   9.8348699e-03   9.1583403e-03   3.5145148e+01   1.5445067e-04   7.3012819e-07  -6.9639972e-03   6.1893786e+00   9.1695723e-03   7.2790257e-07   9.9994668e-01   5.3328685e-05   1.6140453e-11
   2.3000000e+02   6.6012699e+02   1.8157538e+00   1.0037553e-02   9.2621178e-03   3.5160515e+01   1.5446330e-04   9.0908761e-07  -8.8617803e-03   6.1935331e+00   9.2736209e-03   9.0618839e-07   9.9993091e-01   6.9092368e-05   3.0117162e-11
   2.3500000e+02   6.6018834e+02   1.7650626e+00   1.0238075e-02   9.3622779e-03   3.5175458e+01   1.5447847e-04   1.1207300e-06  -1.1160443e-02   6.1943139e+00   9.3740401e-03   1.1169981e-06   9.9991145e-01   8.8551862e-05   5.4744556e-11
   2.4000000e+02   6.6024968e+02   1.7133762e+00   1.0436455e-02   9.4589655e-03   3.5189906e+01   1.5449652e-04   1.3688590e-06  -1.3919452e-02   6.1929684e+00   9.4709789e-03   1.3641070e-06   9.9988765e-01   1.1234533e-04   9.7096187e-11
   2.4500000e+02   6.6031100e+02   1.6607040e+00   1.0632706e-02   9.5523200e-03   3.5203783e+01   1.5451781e-04   1.6574053e-06  -1.7202806e-02   6.1883515e+00   9.5645713e-03   1.6514185e-06   9.9985882e-01   1.4117806e-04   1.6828289e-10
   2.5000000e+02   6.6037227e+02   1.6070532e+00   1.0826852e-02   9.6424780e-03   3.5217008e+01   1.5454273e-04   1.9904103e-06  -2.1079226e-02   6.1810420e+00   9.6549557e-03   1.9829417e-06   9.9982417e-01   1.7582621e-04   2.8540407e-10
   2.5500000e+02   6.6043345e+02   1.5524366e+00   1.1018911e-02   9.7295700e-03   3.5229495e+01   1.5457168e-04   2.3719969e-06  -2.5621747e-02   6.1710140e+00   9.7422617e-03   2.3627665e-06   9.9978286e-01   2.1713594e-04   4.7426539e-10
   2.6000000e+02   6.6049453e+02   1.4968668e+00   1.1208909e-02   9.8137216e-03   3.5241154e+01   1.5460506e-04   2.8063395e-06  -3.0907689e-02   6.1582667e+00   9.8266142e-03   2.7950323e-06   9.9973398e-01   2.6602570e-04   7.7309727e-10
   2.6500000e+02   6.6055548e+02   1.4403531e+00   1.1396867e-02   9.8950547e-03   3.5251890e+01   1.5464331e-04   3.2976206e-06  -3.7018012e-02   6.1428092e+00   9.9081345e-03   3.2838855e-06   9.9967651e-01   3.2348314e-04   1.2375423e-09
   2.7000000e+02   6.6061626e+02   1.3829024e+00   1.1582809e-02   9.9736863e-03   3.5261604e+01   1.5468687e-04   3.8500128e-06  -4.4037400e-02   6.1246527e+00   9.9869390e-03   3.8334617e-06   9.9960943e-01   3.9056654e-04   1.9473340e-09
   2.7500000e+02   6.6067686e+02   1.3245263e+00   1.1766761e-02   1.0049728e-02   3.5270194e+01   1.5473616e-04   4.4676968e-06  -5.2054502e-02   6.1037851e+00   1.0063139e-02   4.4479040e-06   9.9953159e-01   4.6840923e-04   3.0149974e-09
   2.8000000e+02   6.6073724e+02   1.2652371e+00   1.1948750e-02   1.0123289e-02   3.5277552e+01   1.5479164e-04   5.1547413e-06  -6.1160249e-02   6.0801641e+00   1.0136843e-02   5.1312442e-06   9.9944179e-01   5.5820635e-04   4.5969971e-09
   2.8500000e+02   6.6079738e+02   1.2050439e+00   1.2128801e-02   1.0194472e-02   3.5283569e+01   1.5485377e-04   5.9151400e-06  -7.1448605e-02   6.0537649e+00   1.0208151e-02   5.8874395e-06   9.9933877e-01   6.6122344e-04   6.9079022e-09
   2.9000000e+02   6.6085725e+02   1.1439534e+00   1.2306940e-02   1.0263378e-02   3.5288132e+01   1.5492298e-04   6.7527927e-06  -8.3015879e-02   6.0245817e+00   1.0277167e-02   6.7203551e-06   9.9922120e-01   7.7878943e-04   1.0238405e-08
   2.9500000e+02   6.6091682e+02   1.0819758e+00   1.2483195e-02   1.0330103e-02   3.5291125e+01   1.5499973e-04   7.6714638e-06  -9.5960765e-02   5.9925685e+00   1.0343983e-02   7.6337224e-06   9.9908768e-01   9.1229854e-04   1.4977526e-08
   3.0000000e+02   6.6097606e+02   1.0191232e+00   1.2657593e-02   1.0394736e-02   3.5292430e+01   1.5508445e-04   8.6747678e-06  -1.1038350e-01   5.9576907e+00   1.0408689e-02   8.6311267e-06   9.9893677e-01   1.0632035e-03   2.1639844e-08
   3.0500000e+02   6.6103495e+02   9.5540451e-01   1.2830160e-02   1.0457367e-02   3.5291927e+01   1.5517759e-04   9.7661242e-06  -1.2638534e-01   5.9198878e+00   1.0471375e-02   9.7159620e-06   9.9876696e-01   1.2330122e-03   3.0898273e-08
   3.1000000e+02   6.6109346e+02   8.9082630e-01   1.3000926e-02   1.0518081e-02   3.5289496e+01   1.5527956e-04   1.0948764e-05  -1.4406835e-01   5.8791202e+00   1.0532123e-02   1.0891439e-05   9.9857667e-01   1.4232829e-03   4.3624442e-08
   3.1500000e+02   6.6115155e+02   8.2539693e-01   1.3169916e-02   1.0576958e-02   3.5285012e+01   1.5539078e-04   1.2225753e-05  -1.6353573e-01   5.8354022e+00   1.0591014e-02   1.2160606e-05   9.9836431e-01   1.6356284e-03   6.0936165e-08
   3.2000000e+02   6.6120920e+02   7.5912809e-01   1.3337158e-02   1.0634075e-02   3.5278354e+01   1.5551165e-04   1.3599947e-05  -1.8489226e-01   5.7886496e+00   1.0648125e-02   1.3526311e-05   9.9812819e-01   1.8717205e-03   8.4254413e-08
   3.2500000e+02   6.6126637e+02   6.9202905e-01   1.3502679e-02   1.0689505e-02   3.5269394e+01   1.5564256e-04   1.5073946e-05  -2.0824039e-01   5.7387800e+00   1.0703528e-02   1.4991153e-05   9.9786663e-01   2.1332542e-03   1.1536717e-07
   3.3000000e+02   6.6132304e+02   6.2410650e-01   1.3666506e-02   1.0743321e-02   3.5258010e+01   1.5578387e-04   1.6650014e-05  -2.3368183e-01   5.6858179e+00   1.0757294e-02   1.6557402e-05   9.9757789e-01   2.4219578e-03   1.5650678e-07
   3.3500000e+02   6.6137917e+02   5.5536650e-01   1.3828666e-02   1.0795589e-02   3.5244077e+01   1.5593593e-04   1.8330385e-05  -2.6132123e-01   5.6297309e+00   1.0809492e-02   1.8227305e-05   9.9726016e-01   2.7396305e-03   2.1044195e-07
   3.4000000e+02   6.6143474e+02   4.8582011e-01   1.3989186e-02   1.0846375e-02   3.5227472e+01   1.5609908e-04   2.0116952e-05  -2.9125927e-01   5.5704518e+00   1.0860184e-02   2.0002781e-05   9.9691164e-01   3.0880726e-03   2.8057529e-07
   3.4500000e+02   6.6148970e+02   4.1547694e-01   1.4148092e-02   1.0895740e-02   3.5208069e+01   1.5627363e-04   2.2011317e-05  -3.2359772e-01   5.5079372e+00   1.0909433e-02   2.1885467e-05   9.9653049e-01   3.4691375e-03   3.7106161e-07
   3.5000000e+02   6.6154404e+02   3.4434393e-01   1.4305410e-02   1.0943743e-02   3.5185746e+01   1.5645987e-04   2.4014813e-05  -3.5843332e-01   5.4421585e+00   1.0957296e-02   2.3876741e-05   9.9611485e-01   3.8846678e-03   4.8693267e-07
   3.5500000e+02   6.6159771e+02   2.7242662e-01   1.4461166e-02   1.0990440e-02   3.5160386e+01   1.5665806e-04   2.6128502e-05  -3.9586300e-01   5.3730995e+00   1.1003832e-02   2.5977722e-05   9.9566283e-01   4.3365429e-03   6.3425157e-07
   3.6000000e+02   6.6165068e+02   1.9973328e-01   1.4615385e-02   1.1035885e-02   3.5131865e+01   1.5686846e-04   2.8353391e-05  -4.3598475e-01   5.3007574e+00   1.1049093e-02   2.8189481e-05   9.9517248e-01   4.8266918e-03   8.2028174e-07
   3.6500000e+02   6.6170292e+02   1.2627349e-01   1.4768094e-02   1.1080130e-02   3.5100067e+01   1.5709130e-04   3.0690102e-05  -4.7889216e-01   5.2250671e+00   1.1093131e-02   3.0512721e-05   9.9464191e-01   5.3570322e-03   1.0536617e-06
   3.7000000e+02   6.6175440e+02   5.2055274e-02   1.4919315e-02   1.1123223e-02   3.5064876e+01   1.5732675e-04   3.3138810e-05  -5.2467291e-01   5.1459726e+00   1.1135995e-02   3.2947714e-05   9.9406920e-01   5.9294568e-03   1.3445977e-06
   3.7500000e+02   6.6180508e+02  -2.2915012e-02   1.5069075e-02   1.1165213e-02   3.5026177e+01   1.5757503e-04   3.5699892e-05  -5.7341863e-01   5.0635072e+00   1.1177732e-02   3.5494934e-05   9.9345236e-01   6.5459350e-03   1.7051131e-06
   3.8000000e+02   6.6185492e+02  -9.8632392e-02   1.5217396e-02   1.1206141e-02   3.4983859e+01   1.5783626e-04   3.8373114e-05  -6.2521457e-01   4.9776468e+00   1.1218387e-02   3.8154261e-05   9.9278946e-01   7.2083954e-03   2.1492737e-06
   3.8500000e+02   6.6190391e+02  -1.7508849e-01   1.5364303e-02   1.1246052e-02   3.4937815e+01   1.5811059e-04   4.1158026e-05  -6.8014342e-01   4.8883741e+00   1.1258003e-02   4.0925370e-05   9.9207854e-01   7.9187695e-03   2.6934616e-06
   3.9000000e+02   6.6195199e+02  -2.5227481e-01   1.5509819e-02   1.1284987e-02   3.4887936e+01   1.5839813e-04   4.4054321e-05  -7.3828844e-01   4.7956418e+00   1.1296622e-02   4.3808092e-05   9.9131762e-01   8.6790261e-03   3.3566795e-06
   3.9500000e+02   6.6199914e+02  -3.3018391e-01   1.5653968e-02   1.1322981e-02   3.4834119e+01   1.5869895e-04   4.7060980e-05  -7.9972609e-01   4.6994207e+00   1.1334281e-02   4.6801554e-05   9.9050475e-01   9.4910914e-03   4.1608282e-06
   4.0000000e+02   6.6204531e+02  -4.0881017e-01   1.5796771e-02   1.1360075e-02   3.4776265e+01   1.5901312e-04   5.0177068e-05  -8.6452814e-01   4.5997145e+00   1.1371020e-02   4.9904975e-05   9.8963801e-01   1.0356862e-02   5.1310488e-06
   4.0500000e+02   6.6209049e+02  -4.8814837e-01   1.5938251e-02   1.1396301e-02   3.4714274e+01   1.5934069e-04   5.3401308e-05  -9.3277011e-01   4.4965223e+00   1.1406873e-02   5.3117236e-05   9.8871540e-01   1.1278303e-02   6.2961456e-06
   4.1000000e+02   6.6213462e+02  -5.6819165e-01   1.6078429e-02   1.1431693e-02   3.4648050e+01   1.5968166e-04   5.6732602e-05  -1.0045205e+00   4.3898586e+00   1.1441876e-02   5.6437401e-05   9.8773498e-01   1.2257324e-02   7.6889360e-06
   4.1500000e+02   6.6217768e+02  -6.4893243e-01   1.6217328e-02   1.1466285e-02   3.4577507e+01   1.6003605e-04   6.0169131e-05  -1.0798429e+00   4.2796986e+00   1.1476061e-02   5.9863823e-05   9.8669486e-01   1.3295795e-02   9.3466303e-06
   4.2000000e+02   6.6221963e+02  -7.3036347e-01   1.6354968e-02   1.1500103e-02   3.4502555e+01   1.6040380e-04   6.3709099e-05  -1.1588001e+00   4.1659373e+00   1.1509458e-02   6.3394893e-05   9.8559309e-01   1.4395608e-02   1.1311329e-05
   4.2500000e+02   6.6226044e+02  -8.1247887e-01   1.6491370e-02   1.1533179e-02   3.4423103e+01   1.6078492e-04   6.7350714e-05  -1.2414530e+00   4.0486132e+00   1.1542100e-02   6.7028985e-05   9.8442772e-01   1.5558654e-02   1.3630453e-05
   4.3000000e+02   6.6230006e+02  -8.9527324e-01   1.6626553e-02   1.1565540e-02   3.4339078e+01   1.6117930e-04   7.1091891e-05  -1.3278531e+00   3.9277615e+00   1.1574014e-02   7.0764179e-05   9.8319691e-01   1.6786728e-02   1.6357229e-05
   4.3500000e+02   6.6233847e+02  -9.7874166e-01   1.6760539e-02   1.1597210e-02   3.4250398e+01   1.6158687e-04   7.4930486e-05  -1.4180555e+00   3.8033470e+00   1.1605228e-02   7.4598497e-05   9.8189876e-01   1.8081686e-02   1.9551262e-05
   4.4000000e+02   6.6237563e+02  -1.0628778e+00   1.6893347e-02   1.1628215e-02   3.4156988e+01   1.6200755e-04   7.8863795e-05  -1.5121095e+00   3.6753203e+00   1.1635769e-02   7.8529400e-05   9.8053139e-01   1.9445330e-02   2.3279104e-05
   4.4500000e+02   6.6241150e+02  -1.1476749e+00   1.7024995e-02   1.1658579e-02   3.4058773e+01   1.6244121e-04   8.2889965e-05  -1.6100649e+00   3.5436956e+00   1.1665661e-02   8.2555175e-05   9.7909290e-01   2.0879483e-02   2.7614771e-05
   4.5000000e+02   6.6244604e+02  -1.2331269e+00   1.7155503e-02   1.1688324e-02   3.3955689e+01   1.6288771e-04   8.7006158e-05  -1.7119612e+00   3.4084832e+00   1.1694930e-02   8.6673109e-05   9.7758150e-01   2.2385866e-02   3.2640266e-05
   4.5500000e+02   6.6247923e+02  -1.3192279e+00   1.7284889e-02   1.1717471e-02   3.3847671e+01   1.6334691e-04   9.1209294e-05  -1.8178364e+00   3.2695758e+00   1.1723598e-02   9.0880253e-05   9.7599537e-01   2.3966184e-02   3.8446370e-05
   4.6000000e+02   6.6251102e+02  -1.4059727e+00   1.7413170e-02   1.1746041e-02   3.3734655e+01   1.6381865e-04   9.5497100e-05  -1.9277294e+00   3.1269457e+00   1.1751688e-02   9.5174424e-05   9.7433269e-01   2.5622176e-02   4.5133157e-05
   4.6500000e+02   6.6254137e+02  -1.4933563e+00   1.7540366e-02   1.1774052e-02   3.3616582e+01   1.6430275e-04   9.9866371e-05  -2.0416763e+00   2.9807252e+00   1.1779221e-02   9.9552446e-05   9.7259163e-01   2.7355558e-02   5.2810809e-05
   4.7000000e+02   6.6257025e+02  -1.5813735e+00   1.7666493e-02   1.1801524e-02   3.3493407e+01   1.6479899e-04   1.0431426e-04  -2.1596975e+00   2.8307240e+00   1.1806219e-02   1.0401154e-04   9.7077056e-01   2.9167843e-02   6.1600115e-05
   4.7500000e+02   6.6259763e+02  -1.6700197e+00   1.7791568e-02   1.1828473e-02   3.3365060e+01   1.6530722e-04   1.0883802e-04  -2.2818379e+00   2.6769202e+00   1.1832700e-02   1.0854894e-04   9.6886748e-01   3.1060888e-02   7.1633861e-05
   4.8000000e+02   6.6262346e+02  -1.7592887e+00   1.7915608e-02   1.1854916e-02   3.3231503e+01   1.6582718e-04   1.1343421e-04  -2.4081105e+00   2.5194996e+00   1.1858685e-02   1.1316110e-04   9.6688081e-01   3.3036133e-02   8.3056313e-05
   4.8500000e+02   6.6264770e+02  -1.8491753e+00   1.8038629e-02   1.1880869e-02   3.3092692e+01   1.6635865e-04   1.1809997e-04  -2.5385373e+00   2.3582458e+00   1.1884191e-02   1.1784510e-04   9.6480883e-01   3.5095144e-02   9.6025247e-05
   4.9000000e+02   6.6267033e+02  -1.9396743e+00   1.8160648e-02   1.1906347e-02   3.2948585e+01   1.6690140e-04   1.2283157e-04  -2.6731388e+00   2.1930592e+00   1.1909237e-02   1.2259707e-04   9.6264981e-01   3.7239483e-02   1.1071234e-04
   4.9500000e+02   6.6269129e+02  -2.0307806e+00   1.8281679e-02   1.1931364e-02   3.2799134e+01   1.6745519e-04   1.2762687e-04  -2.8119365e+00   2.0240445e+00   1.1933840e-02   1.2741460e-04   9.6040196e-01   3.9470735e-02   1.2730369e-04
   5.0000000e+02   6.6271056e+02  -2.1224894e+00   1.8401741e-02   1.1955933e-02   3.2644313e+01   1.6801973e-04   1.3248146e-04  -2.9549338e+00   1.8509530e+00   1.1958015e-02   1.3229303e-04   9.5806376e-01   4.1790240e-02   1.4600111e-04
   5.0500000e+02   6.6272808e+02  -2.2147960e+00   1.8520845e-02   1.1980068e-02   3.2484075e+01   1.6859482e-04   1.3739283e-04  -3.1021572e+00   1.6739988e+00   1.1981780e-02   1.3722941e-04   9.5563329e-01   4.4199683e-02   1.6702288e-04
   5.1000000e+02   6.6274383e+02  -2.3076957e+00   1.8639009e-02   1.2003780e-02   3.2318414e+01   1.6918009e-04   1.4235740e-04  -3.2535910e+00   1.4929578e+00   1.2005148e-02   1.4221971e-04   9.5310926e-01   4.6700134e-02   1.9060399e-04
   5.1500000e+02   6.6275776e+02  -2.4011838e+00   1.8756245e-02   1.2027082e-02   3.2147271e+01   1.6977537e-04   1.4737169e-04  -3.4092688e+00   1.3077393e+00   1.2028137e-02   1.4725990e-04   9.5048960e-01   4.9293397e-02   2.1699935e-04
   5.2000000e+02   6.6276982e+02  -2.4952560e+00   1.8872569e-02   1.2049985e-02   3.1970648e+01   1.7038028e-04   1.5243246e-04  -3.5691692e+00   1.1185822e+00   1.2050759e-02   1.5234600e-04   9.4777304e-01   5.1980482e-02   2.4648066e-04
   5.2500000e+02   6.6277999e+02  -2.5899076e+00   1.8987995e-02   1.2072499e-02   3.1788514e+01   1.7099454e-04   1.5753673e-04  -3.7333036e+00   9.2487601e-01   1.2073030e-02   1.5747431e-04   9.4495778e-01   5.4762879e-02   2.7934249e-04
   5.3000000e+02   6.6278820e+02  -2.6851341e+00   1.9102536e-02   1.2094634e-02   3.1600837e+01   1.7161792e-04   1.6268089e-04  -3.9016803e+00   7.2687464e-01   1.2094964e-02   1.6264021e-04   9.4204205e-01   5.7642051e-02   3.1589971e-04
   5.3500000e+02   6.6279443e+02  -2.7809311e+00   1.9216206e-02   1.2116400e-02   3.1407614e+01   1.7225005e-04   1.6786153e-04  -4.0742833e+00   5.2472470e-01   1.2116573e-02   1.6783919e-04   9.3902441e-01   6.0619106e-02   3.5648966e-04
   5.4000000e+02   6.6279863e+02  -2.8772946e+00   1.9329018e-02   1.2137805e-02   3.1208840e+01   1.7289061e-04   1.7307545e-04  -4.2511009e+00   3.1789244e-01   1.2137868e-02   1.7306682e-04   9.3590331e-01   6.3695216e-02   4.0147110e-04
   5.4500000e+02   6.6280074e+02  -2.9742199e+00   1.9440985e-02   1.2158859e-02   3.1004481e+01   1.7353934e-04   1.7831931e-04  -4.4321420e+00   1.0628197e-01   1.2158866e-02   1.7831829e-04   9.3267688e-01   6.6871887e-02   4.5123134e-04
   5.5000000e+02   6.6280073e+02  -3.0717029e+00   1.9552122e-02   1.2179571e-02   3.0794537e+01   1.7419591e-04   1.8359008e-04  -4.6173905e+00  -1.0966700e-01   1.2179578e-02   1.8358894e-04   9.2934358e-01   7.0150239e-02   5.0618242e-04
   5.5500000e+02   6.6279855e+02  -3.1697398e+00   1.9662437e-02   1.2199945e-02   3.0579020e+01   1.7485993e-04   1.8888360e-04  -4.8068171e+00  -3.3066264e-01   1.2200014e-02   1.8887274e-04   9.2590203e-01   7.3531207e-02   5.6675913e-04
   5.6000000e+02   6.6279414e+02  -3.2683261e+00   1.9771946e-02   1.2219992e-02   3.0357893e+01   1.7553118e-04   1.9419741e-04  -5.0004362e+00  -5.5712854e-01   1.2220188e-02   1.9416505e-04   9.2235014e-01   7.7016423e-02   6.3343219e-04
   5.6500000e+02   6.6278746e+02  -3.3674580e+00   1.9880660e-02   1.2239719e-02   3.0131157e+01   1.7620931e-04   1.9952841e-04  -5.1982290e+00  -7.8780082e-01   1.2240112e-02   1.9946055e-04   9.1868630e-01   8.0607003e-02   7.0669873e-04
   5.7000000e+02   6.6277846e+02  -3.4671317e+00   1.9988588e-02   1.2259130e-02   2.9898873e+01   1.7689385e-04   2.0487234e-04  -5.4001274e+00  -1.0231068e+00   1.2259794e-02   2.0475238e-04   9.1490965e-01   8.4303276e-02   7.8707766e-04
   5.7500000e+02   6.6276710e+02  -3.5673434e+00   2.0095746e-02   1.2278233e-02   2.9661018e+01   1.7758453e-04   2.1022585e-04  -5.6061311e+00  -1.2656209e+00   1.2279250e-02   2.1003362e-04   9.1101819e-01   8.8106676e-02   8.7513099e-04
   5.8000000e+02   6.6275329e+02  -3.6680885e+00   2.0202145e-02   1.2297034e-02   2.9417510e+01   1.7828123e-04   2.1558739e-04  -5.8162958e+00  -1.5136588e+00   1.2298490e-02   2.1529964e-04   9.0700893e-01   9.2019611e-02   9.7146729e-04
   5.8500000e+02   6.6273699e+02  -3.7693638e+00   2.0307794e-02   1.2315541e-02   2.9168456e+01   1.7898336e-04   2.2095266e-04  -6.0305128e+00  -1.7652610e+00   1.2317520e-02   2.2054340e-04   9.0288153e-01   9.6041769e-02   1.0767020e-03
   5.9000000e+02   6.6271817e+02  -3.8711660e+00   2.0412704e-02   1.2333755e-02   2.8913900e+01   1.7969052e-04   2.2631702e-04  -6.2487271e+00  -2.0243560e+00   1.2336358e-02   2.2575459e-04   8.9863478e-01   1.0017372e-01   1.1914944e-03
   5.9500000e+02   6.6269673e+02  -3.9734903e+00   2.0516888e-02   1.2351683e-02   2.8653736e+01   1.8040264e-04   2.3167949e-04  -6.4710133e+00  -2.2900237e+00   1.2355011e-02   2.3092784e-04   8.9426512e-01   1.0441830e-01   1.3165720e-03
   6.0000000e+02   6.6267263e+02  -4.0763336e+00   2.0620355e-02   1.2369332e-02   2.8388080e+01   1.8111916e-04   2.3703588e-04  -6.6972592e+00  -2.5606608e+00   1.2373489e-02   2.3605508e-04   8.8977218e-01   1.0877516e-01   1.4526643e-03
   6.0500000e+02   6.6264581e+02  -4.1796923e+00   2.0723116e-02   1.2386703e-02   2.8116930e+01   1.8183975e-04   2.4238292e-04  -6.9274472e+00  -2.8378320e+00   1.2391803e-02   2.4112656e-04   8.8515387e-01   1.1324557e-01   1.6005638e-03
   6.1000000e+02   6.6261620e+02  -4.2835629e+00   2.0825181e-02   1.2403801e-02   2.7840328e+01   1.8256403e-04   2.4771622e-04  -7.1615283e+00  -3.1228769e+00   1.2409966e-02   2.4613046e-04   8.8040859e-01   1.1783031e-01   1.7611016e-03
   6.1500000e+02   6.6258371e+02  -4.3879418e+00   2.0926562e-02   1.2420632e-02   2.7558223e+01   1.8329181e-04   2.5303443e-04  -7.3995338e+00  -3.4156615e+00   1.2427992e-02   2.5105837e-04   8.7553319e-01   1.2253163e-01   1.9351783e-03
   6.2000000e+02   6.6254829e+02  -4.4928265e+00   2.1027266e-02   1.2437200e-02   2.7270693e+01   1.8402263e-04   2.5833398e-04  -7.6413797e+00  -3.7135037e+00   1.2445877e-02   2.5590246e-04   8.7052652e-01   1.2734976e-01   2.1237213e-03
   6.2500000e+02   6.6250988e+02  -4.5982142e+00   2.1127304e-02   1.2453505e-02   2.6977854e+01   1.8475596e-04   2.6360971e-04  -7.8869587e+00  -4.0199590e+00   1.2463645e-02   2.6064519e-04   8.6538777e-01   1.3228455e-01   2.3276755e-03
   6.3000000e+02   6.6246837e+02  -4.7041001e+00   2.1226687e-02   1.2469553e-02   2.6679620e+01   1.8549166e-04   2.6886045e-04  -8.1363270e+00  -4.3353865e+00   1.2481309e-02   2.6527521e-04   8.6011300e-01   1.3733888e-01   2.5481193e-03
   6.3500000e+02   6.6242370e+02  -4.8104807e+00   2.1325424e-02   1.2485346e-02   2.6376100e+01   1.8622925e-04   2.7408138e-04  -8.3893827e+00  -4.6589077e+00   1.2498873e-02   2.6977873e-04   8.5470117e-01   1.4251264e-01   2.7861748e-03
   6.4000000e+02   6.6237577e+02  -4.9173526e+00   2.1423523e-02   1.2500887e-02   2.6067281e+01   1.8696845e-04   2.7926978e-04  -8.6461262e+00  -4.9910522e+00   1.2516350e-02   2.7414094e-04   8.4914905e-01   1.4780802e-01   3.0429281e-03
   6.4500000e+02   6.6232451e+02  -5.0247132e+00   2.1520995e-02   1.2516179e-02   2.5753281e+01   1.8770874e-04   2.8442199e-04  -8.9064488e+00  -5.3302842e+00   1.2533738e-02   2.7834953e-04   8.4345553e-01   1.5322482e-01   3.3196490e-03
   6.5000000e+02   6.6226984e+02  -5.1325612e+00   2.1617847e-02   1.2531223e-02   2.5434187e+01   1.8844969e-04   2.8953442e-04  -9.1702664e+00  -5.6810227e+00   1.2551072e-02   2.8237773e-04   8.3761886e-01   1.5876349e-01   3.6176473e-03
   6.5500000e+02   6.6221162e+02  -5.2408923e+00   2.1714091e-02   1.2546021e-02   2.5109948e+01   1.8919109e-04   2.9460289e-04  -9.4376155e+00  -6.0418383e+00   1.2568354e-02   2.8620893e-04   8.3163460e-01   1.6442716e-01   3.9382460e-03
   6.6000000e+02   6.6214979e+02  -5.3497017e+00   2.1809734e-02   1.2560576e-02   2.4780759e+01   1.8993232e-04   2.9962519e-04  -9.7083276e+00  -6.4102435e+00   1.2585573e-02   2.8983204e-04   8.2550239e-01   1.7021472e-01   4.2828925e-03
   6.6500000e+02   6.6208426e+02  -5.4589871e+00   2.1904784e-02   1.2574888e-02   2.4446680e+01   1.9067299e-04   3.0459511e-04  -9.9823441e+00  -6.7911902e+00   1.2602773e-02   2.9320867e-04   8.1921963e-01   1.7612722e-01   4.6531553e-03
   6.7000000e+02   6.6201488e+02  -5.5687483e+00   2.1999251e-02   1.2588960e-02   2.4107718e+01   1.9141280e-04   3.0951179e-04  -1.0259659e+01  -7.1863899e+00   1.2619981e-02   2.9631022e-04   8.1278206e-01   1.8216737e-01   5.0505745e-03
   6.7500000e+02   6.6194152e+02  -5.6789804e+00   2.2093144e-02   1.2602792e-02   2.3763945e+01   1.9215136e-04   3.1436933e-04  -1.0540208e+01  -7.5887109e+00   1.2637140e-02   2.9913451e-04   8.0618661e-01   1.8833644e-01   5.4769417e-03
   6.8000000e+02   6.6186415e+02  -5.7896787e+00   2.2186471e-02   1.2616383e-02   2.3415693e+01   1.9288781e-04   3.1916233e-04  -1.0823716e+01  -8.0058645e+00   1.2654325e-02   3.0162356e-04   7.9943461e-01   1.9463141e-01   5.9339796e-03
   6.8500000e+02   6.6178253e+02  -5.9008430e+00   2.2279241e-02   1.2629736e-02   2.3062725e+01   1.9362230e-04   3.2389029e-04  -1.1110383e+01  -8.4380446e+00   1.2671551e-02   3.0374622e-04   7.9251674e-01   2.0105953e-01   6.4237261e-03
   6.9000000e+02   6.6169661e+02  -6.0124710e+00   2.2371460e-02   1.2642850e-02   2.2705448e+01   1.9435386e-04   3.2854650e-04  -1.1399874e+01  -8.8816403e+00   1.2688786e-02   3.0548311e-04   7.8543495e-01   2.0761696e-01   6.9480804e-03
   6.9500000e+02   6.6160620e+02  -6.1245567e+00   2.2463139e-02   1.2655726e-02   2.2343832e+01   1.9508228e-04   3.3312753e-04  -1.1692221e+01  -9.3400783e+00   1.2706073e-02   3.0678175e-04   7.7818305e-01   2.1430763e-01   7.5093104e-03
   7.0000000e+02   6.6151120e+02  -6.2371006e+00   2.2554284e-02   1.2668361e-02   2.1978165e+01   1.9580682e-04   3.3762691e-04  -1.1987196e+01  -9.8135859e+00   1.2723418e-02   3.0759818e-04   7.7076040e-01   2.2112994e-01   8.1096706e-03
   7.0500000e+02   6.6141143e+02  -6.3500995e+00   2.2644904e-02   1.2680756e-02   2.1608522e+01   1.9652709e-04   3.4204093e-04  -1.2284750e+01  -1.0299692e+01   1.2740799e-02   3.0790558e-04   7.6316141e-01   2.2808704e-01   8.7515442e-03
   7.1000000e+02   6.6130680e+02  -6.4635486e+00   2.2735007e-02   1.2692907e-02   2.1235306e+01   1.9724219e-04   3.4636277e-04  -1.2584564e+01  -1.0805439e+01   1.2758300e-02   3.0760908e-04   7.5538725e-01   2.3517530e-01   9.4374536e-03
   7.1500000e+02   6.6119702e+02  -6.5774492e+00   2.2824600e-02   1.2704819e-02   2.0858355e+01   1.9795215e-04   3.5059236e-04  -1.2886796e+01  -1.1334803e+01   1.2775985e-02   3.0662417e-04   7.4742671e-01   2.4240287e-01   1.0170427e-02
   7.2000000e+02   6.6108195e+02  -6.6917936e+00   2.2913694e-02   1.2716486e-02   2.0478048e+01   1.9865610e-04   3.5471913e-04  -1.3191154e+01  -1.1879020e+01   1.2793748e-02   3.0494994e-04   7.3927906e-01   2.4976757e-01   1.0953357e-02
   7.2500000e+02   6.6096141e+02  -6.8065852e+00   2.3002294e-02   1.2727906e-02   2.0094633e+01   1.9935340e-04   3.5874002e-04  -1.3497466e+01  -1.2437766e+01   1.2811583e-02   3.0253439e-04   7.3093999e-01   2.5727076e-01   1.1789250e-02
   7.3000000e+02   6.6083529e+02  -6.9218157e+00   2.3090407e-02   1.2739076e-02   1.9708588e+01   2.0004312e-04   3.6264755e-04  -1.3805368e+01  -1.3019297e+01   1.2829603e-02   2.9923607e-04   7.2241002e-01   2.6490851e-01   1.2681469e-02
   7.3500000e+02   6.6070327e+02  -7.0374883e+00   2.3178044e-02   1.2749995e-02   1.9319941e+01   2.0072495e-04   3.6643593e-04  -1.4114881e+01  -1.3624788e+01   1.2847828e-02   2.9496010e-04   7.1367858e-01   2.7268774e-01   1.3633691e-02
   7.4000000e+02   6.6056521e+02  -7.1535956e+00   2.3265211e-02   1.2760659e-02   1.8929228e+01   2.0139790e-04   3.7009877e-04  -1.4425608e+01  -1.4249960e+01   1.2866203e-02   2.8966516e-04   7.0474579e-01   2.8060451e-01   1.4649702e-02
   7.4500000e+02   6.6042085e+02  -7.2701397e+00   2.3351914e-02   1.2771064e-02   1.8536734e+01   2.0206131e-04   3.7362995e-04  -1.4737369e+01  -1.4898298e+01   1.2884777e-02   2.8322358e-04   6.9560498e-01   2.8866135e-01   1.5733663e-02
   7.5000000e+02   6.6027001e+02  -7.3871143e+00   2.3438162e-02   1.2781207e-02   1.8142965e+01   2.0271429e-04   3.7702164e-04  -1.5049804e+01  -1.5570281e+01   1.2903559e-02   2.7552884e-04   6.8625437e-01   2.9685556e-01   1.6890068e-02
   7.5500000e+02   6.6011240e+02  -7.5045199e+00   2.3523963e-02   1.2791083e-02   1.7748338e+01   2.0335603e-04   3.8026689e-04  -1.5362648e+01  -1.6270962e+01   1.2922629e-02   2.6640299e-04   6.7668734e-01   3.0518909e-01   1.8123566e-02
   7.6000000e+02   6.5994777e+02  -7.6223542e+00   2.3609325e-02   1.2800686e-02   1.7353342e+01   2.0398564e-04   3.8335676e-04  -1.5675576e+01  -1.6997748e+01   1.2941945e-02   2.5575457e-04   6.6689906e-01   3.1366164e-01   1.9439297e-02
   7.6500000e+02   6.5977585e+02  -7.7406125e+00   2.3694254e-02   1.2810014e-02   1.6958552e+01   2.0460222e-04   3.8628490e-04  -1.5988199e+01  -1.7751723e+01   1.2961529e-02   2.4343922e-04   6.5688555e-01   3.2227145e-01   2.0843011e-02
   7.7000000e+02   6.5959640e+02  -7.8592948e+00   2.3778758e-02   1.2819056e-02   1.6564688e+01   2.0520457e-04   3.8904024e-04  -1.6300041e+01  -1.8524451e+01   1.2981227e-02   2.2946074e-04   6.4664304e-01   3.3101684e-01   2.2340117e-02
   7.7500000e+02   6.5940927e+02  -7.9783998e+00   2.3862843e-02   1.2827813e-02   1.6172615e+01   2.0579156e-04   3.9161876e-04  -1.6610490e+01  -1.9329440e+01   1.3001275e-02   2.1346030e-04   6.3617369e-01   3.3988927e-01   2.3937034e-02
   7.8000000e+02   6.5921399e+02  -8.0979235e+00   2.3946517e-02   1.2836273e-02   1.5782831e+01   2.0636228e-04   3.9400587e-04  -1.6919275e+01  -2.0171066e+01   1.3021751e-02   1.9517254e-04   6.2546463e-01   3.4889466e-01   2.5640721e-02
   7.8500000e+02   6.5901037e+02  -8.2178640e+00   2.4029790e-02   1.2844430e-02   1.5396334e+01   2.0691549e-04   3.9619381e-04  -1.7225722e+01  -2.1030345e+01   1.3042310e-02   1.7480235e-04   6.1451680e-01   3.5802460e-01   2.7458605e-02
   7.9000000e+02   6.5879822e+02  -8.3382200e+00   2.4112663e-02   1.2852278e-02   1.5014241e+01   2.0744969e-04   3.9817479e-04  -1.7529072e+01  -2.1916607e+01   1.3063121e-02   1.5201689e-04   6.0333136e-01   3.6727092e-01   2.9397728e-02
   7.9500000e+02   6.5857721e+02  -8.4589896e+00   2.4195147e-02   1.2859810e-02   1.4637504e+01   2.0796375e-04   3.9993720e-04  -1.7828723e+01  -2.2834625e+01   1.3084279e-02   1.2652961e-04   5.9190414e-01   3.7662904e-01   3.1466828e-02
   8.0000000e+02   6.5834710e+02  -8.5801708e+00   2.4277246e-02   1.2867016e-02   1.4267272e+01   2.0845631e-04   4.0147156e-04  -1.8123932e+01  -2.3770914e+01   1.3105526e-02   9.8488881e-05   5.8023465e-01   3.8609039e-01   3.3674957e-02
   8.0500000e+02   6.5810776e+02  -8.7017617e+00   2.4358966e-02   1.2873890e-02   1.3904968e+01   2.0892580e-04   4.0276746e-04  -1.8413745e+01  -2.4732173e+01   1.3127004e-02   6.7579598e-05   5.6832837e-01   3.9564092e-01   3.6030699e-02
   8.1000000e+02   6.5785885e+02  -8.8237599e+00   2.4440315e-02   1.2880422e-02   1.3551835e+01   2.0937086e-04   4.0381320e-04  -1.8697393e+01  -2.5716928e+01   1.3148698e-02   3.3673475e-05   5.5618191e-01   4.0527374e-01   3.8544342e-02
   8.1500000e+02   6.5760032e+02  -8.9461641e+00   2.4521296e-02   1.2886606e-02   1.3209480e+01   2.0978993e-04   4.0460118e-04  -1.8973818e+01  -2.6696313e+01   1.3170030e-02  -2.5030626e-06   5.4380444e-01   4.1496976e-01   4.1225791e-02
   8.2000000e+02   6.5733226e+02  -9.0689721e+00   2.4601911e-02   1.2892435e-02   1.2879680e+01   2.1018144e-04   4.0512508e-04  -1.9241828e+01  -2.7689466e+01   1.3191429e-02  -4.1561589e-05   5.3121214e-01   4.2470327e-01   4.4084588e-02
   8.2500000e+02   6.5705439e+02  -9.1921827e+00   2.4682166e-02   1.2897901e-02   1.2563891e+01   2.1054406e-04   4.0536876e-04  -1.9500557e+01  -2.8690187e+01   1.3212803e-02  -8.3393596e-05   5.1840365e-01   4.3446353e-01   4.7132837e-02
   8.3000000e+02   6.5676691e+02  -9.3157939e+00   2.4762064e-02   1.2902998e-02   1.2264103e+01   2.1087618e-04   4.0532547e-04  -1.9748690e+01  -2.9668305e+01   1.3233550e-02  -1.2695661e-04   5.0540010e-01   4.4422006e-01   5.0379860e-02
   8.3500000e+02   6.5647002e+02  -9.4398034e+00   2.4841606e-02   1.2907724e-02   1.1982115e+01   2.1117664e-04   4.0499684e-04  -1.9985091e+01  -3.0627001e+01   1.3253801e-02  -1.7222821e-04   4.9222109e-01   4.5394213e-01   5.3836783e-02
   8.4000000e+02   6.5616395e+02  -9.5642092e+00   2.4920791e-02   1.2912074e-02   1.1719838e+01   2.1144411e-04   4.0437290e-04  -2.0208554e+01  -3.1557889e+01   1.3273449e-02  -2.1874680e-04   4.7888735e-01   4.6359945e-01   5.7513179e-02
   8.4500000e+02   6.5584909e+02  -9.6890101e+00   2.4999620e-02   1.2916042e-02   1.1479152e+01   2.1167750e-04   4.0344697e-04  -2.0417885e+01  -3.2430335e+01   1.3291881e-02  -2.6505541e-04   4.6542390e-01   4.7315833e-01   6.1417761e-02
   8.5000000e+02   6.5552618e+02  -9.8142047e+00   2.5078089e-02   1.2919639e-02   1.1261824e+01   2.1187639e-04   4.0222646e-04  -2.0611972e+01  -3.3241170e+01   1.3309131e-02  -3.1064269e-04   4.5187143e-01   4.8257003e-01   6.5558575e-02
   8.5500000e+02   6.5519572e+02  -9.9397910e+00   2.5156196e-02   1.2922860e-02   1.1069647e+01   2.1203973e-04   4.0070852e-04  -2.0789752e+01  -3.3984070e+01   1.3325161e-02  -3.5484628e-04   4.3825733e-01   4.9180060e-01   6.9942052e-02
   8.6000000e+02   6.5485862e+02  -1.0065766e+01   2.5233935e-02   1.2925714e-02   1.0904043e+01   2.1216814e-04   3.9889838e-04  -2.0950331e+01  -3.4622756e+01   1.3339224e-02  -3.9559241e-04   4.2462444e-01   5.0080310e-01   7.4572446e-02
   8.6500000e+02   6.5451598e+02  -1.0192130e+01   2.5311300e-02   1.2928213e-02   1.0766260e+01   2.1226077e-04   3.9680756e-04  -2.1092956e+01  -3.5155127e+01   1.3351376e-02  -4.3224076e-04   4.1102105e-01   5.0952784e-01   7.9451151e-02
   8.7000000e+02   6.5416881e+02  -1.0318879e+01   2.5388283e-02   1.2930366e-02   1.0657433e+01   2.1231931e-04   3.9444462e-04  -2.1217073e+01  -3.5574442e+01   1.3361554e-02  -4.6397464e-04   3.9748991e-01   5.1793175e-01   8.4578287e-02
   8.7500000e+02   6.5381834e+02  -1.0446011e+01   2.5464876e-02   1.2932188e-02   1.0577861e+01   2.1234409e-04   3.9182196e-04  -2.1322343e+01  -3.5865083e+01   1.3369443e-02  -4.8957686e-04   3.8407876e-01   5.2597188e-01   8.9949390e-02
   8.8000000e+02   6.5346587e+02  -1.0573527e+01   2.5541073e-02   1.2933695e-02   1.0528338e+01   2.1233682e-04   3.8895722e-04  -2.1408698e+01  -3.6023394e+01   1.3375025e-02  -5.0845878e-04   3.7083578e-01   5.3360538e-01   9.5558841e-02
   8.8500000e+02   6.5311266e+02  -1.0701422e+01   2.5616862e-02   1.2934909e-02   1.0508182e+01   2.1229917e-04   3.8586982e-04  -2.1476324e+01  -3.6038051e+01   1.3378018e-02  -5.1974310e-04   3.5780539e-01   5.4079658e-01   1.0139800e-01
   8.9000000e+02   6.5276014e+02  -1.0829695e+01   2.5692234e-02   1.2935852e-02   1.0517400e+01   2.1223325e-04   3.8257962e-04  -2.1525631e+01  -3.5938967e+01   1.3379166e-02  -5.2473815e-04   3.4503561e-01   5.4751093e-01   1.0745352e-01
   8.9500000e+02   6.5240939e+02  -1.0958343e+01   2.5767185e-02   1.2936538e-02   1.0554816e+01   2.1214090e-04   3.7910290e-04  -2.1557067e+01  -3.5700859e+01   1.3377783e-02  -5.2209249e-04   3.3255761e-01   5.5372991e-01   1.1371241e-01
   9.0000000e+02   6.5206193e+02  -1.1087366e+01   2.5841702e-02   1.2936999e-02   1.0619448e+01   2.1202501e-04   3.7546905e-04  -2.1571637e+01  -3.5332883e+01   1.3374038e-02  -5.1230272e-04   3.2041848e-01   5.5942613e-01   1.2015545e-01
   9.0500000e+02   6.5171863e+02  -1.1216760e+01   2.5915783e-02   1.2937252e-02   1.0709796e+01   2.1188780e-04   3.7169281e-04  -2.1570154e+01  -3.4871164e+01   1.3368722e-02  -4.9731474e-04   3.0863884e-01   5.6459359e-01   1.2676755e-01
   9.1000000e+02   6.5138056e+02  -1.1346523e+01   2.5989420e-02   1.2937318e-02   1.0824387e+01   2.1173164e-04   3.6779734e-04  -2.1553670e+01  -3.4315945e+01   1.3361742e-02  -4.7732200e-04   2.9724399e-01   5.6922761e-01   1.3352834e-01
   9.1500000e+02   6.5104842e+02  -1.1476653e+01   2.6062612e-02   1.2937216e-02   1.0961653e+01   2.1155869e-04   3.6379757e-04  -2.1523308e+01  -3.3682211e+01   1.3353357e-02  -4.5329881e-04   2.8624661e-01   5.7333329e-01   1.4042019e-01
   9.2000000e+02   6.5072304e+02  -1.1607149e+01   2.6135355e-02   1.2936968e-02   1.1119554e+01   2.1137154e-04   3.5971652e-04  -2.1480089e+01  -3.2970709e+01   1.3343465e-02  -4.2552884e-04   2.7566290e-01   5.7691378e-01   1.4742331e-01
   9.2500000e+02   6.5040505e+02  -1.1738006e+01   2.6207648e-02   1.2936593e-02   1.1296361e+01   2.1117220e-04   3.5557061e-04  -2.1425507e+01  -3.2210021e+01   1.3332666e-02  -3.9564998e-04   2.6549987e-01   5.7998275e-01   1.5451727e-01
   9.3000000e+02   6.5009479e+02  -1.1869224e+01   2.6279491e-02   1.2936103e-02   1.1490560e+01   2.1096210e-04   3.5137040e-04  -2.1359930e+01  -3.1414474e+01   1.3321216e-02  -3.6452197e-04   2.5575432e-01   5.8256198e-01   1.6168374e-01
   9.3500000e+02   6.4979259e+02  -1.2000800e+01   2.6350886e-02   1.2935513e-02   1.1700285e+01   2.1074319e-04   3.4713203e-04  -2.1284918e+01  -3.0588913e+01   1.3309141e-02  -3.3256466e-04   2.4642479e-01   5.8466917e-01   1.6890621e-01
   9.4000000e+02   6.4949868e+02  -1.2132732e+01   2.6421834e-02   1.2934838e-02   1.1923840e+01   2.1051704e-04   3.4286774e-04  -2.1201432e+01  -2.9743583e+01   1.3296612e-02  -3.0039235e-04   2.3750545e-01   5.8632582e-01   1.7616886e-01
   9.4500000e+02   6.4921319e+02  -1.2265018e+01   2.6492339e-02   1.2934087e-02   1.2159818e+01   2.1028470e-04   3.3858666e-04  -2.1110235e+01  -2.8890771e+01   1.3283866e-02  -2.6865169e-04   2.2898680e-01   5.8755852e-01   1.8345456e-01
   9.5000000e+02   6.4893611e+02  -1.2397655e+01   2.6562404e-02   1.2933272e-02   1.2406888e+01   2.1004715e-04   3.3429764e-04  -2.1012086e+01  -2.8037787e+01   1.3271029e-02  -2.3772193e-04   2.2085581e-01   5.8839393e-01   1.9075002e-01
   9.5500000e+02   6.4866745e+02  -1.2530641e+01   2.6632034e-02   1.2932403e-02   1.2663549e+01   2.0980565e-04   3.3000993e-04  -2.0907897e+01  -2.7185592e+01   1.3258080e-02  -2.0769266e-04   2.1310161e-01   5.8885481e-01   1.9804330e-01
   9.6000000e+02   6.4840716e+02  -1.2663974e+01   2.6701232e-02   1.2931486e-02   1.2928783e+01   2.0956061e-04   3.2572986e-04  -2.0798175e+01  -2.6343672e+01   1.3245218e-02  -1.7896118e-04   2.0570919e-01   5.8897052e-01   2.0532001e-01
   9.6500000e+02   6.4815507e+02  -1.2797653e+01   2.6770006e-02   1.2930532e-02   1.3201231e+01   2.0931319e-04   3.2146587e-04  -2.0683778e+01  -2.5519270e+01   1.3232587e-02  -1.5179577e-04   1.9866498e-01   5.8876140e-01   2.1257328e-01
   9.7000000e+02   6.4791100e+02  -1.2931674e+01   2.6838358e-02   1.2929542e-02   1.3480166e+01   2.0906343e-04   3.1721905e-04  -2.0565036e+01  -2.4707495e+01   1.3220057e-02  -1.2598397e-04   1.9195135e-01   5.8825646e-01   2.1979173e-01
   9.7500000e+02   6.4767485e+02  -1.3066036e+01   2.6906296e-02   1.2928527e-02   1.3764539e+01   2.0881200e-04   3.1299799e-04  -2.0442528e+01  -2.3919486e+01   1.3207881e-02  -1.0188788e-04   1.8555533e-01   5.8747562e-01   2.2696574e-01
   9.8000000e+02   6.4744628e+02  -1.3200736e+01   2.6973823e-02   1.2927487e-02   1.4053684e+01   2.0855905e-04   3.0880205e-04  -2.0316638e+01  -2.3148758e+01   1.3195900e-02  -7.9228340e-05   1.7945824e-01   5.8645438e-01   2.3409122e-01
   9.8500000e+02   6.4722525e+02  -1.3335773e+01   2.7040949e-02   1.2926434e-02   1.4346443e+01   2.0830553e-04   3.0464217e-04  -2.0188023e+01  -2.2398914e+01   1.3184196e-02  -5.8074987e-05   1.7365128e-01   5.8519026e-01   2.4115885e-01
   9.9000000e+02   6.4701136e+02  -1.3471145e+01   2.7107675e-02   1.2925365e-02   1.4642674e+01   2.0805082e-04   3.0051441e-04  -2.0056680e+01  -2.1681039e+01   1.3173025e-02  -3.8716205e-05   1.6811304e-01   5.8372248e-01   2.4816407e-01
   9.9500000e+02   6.4680443e+02  -1.3606849e+01   2.7174009e-02   1.2924287e-02   1.4941384e+01   2.0779579e-04   2.9642431e-04  -1.9923253e+01  -2.0979610e+01   1.3162031e-02  -2.0590721e-05   1.6283301e-01   5.8206232e-01   2.5510435e-01
   1.0000000e+03   6.4660430e+02  -1.3742884e+01   2.7239957e-02   1.2923202e-02   1.5242183e+01   2.0754023e-04   2.9237410e-04  -1.9787843e+01  -2.0293718e+01   1.3151203e-02  -3.6240362e-06   1.5779731e-01   5.8023204e-01   2.6197066e-01
