5.848341953045900488e-02 5.842912934584937323e-02 5.851202435235626498e-02 5.842854780654902630e-02 5.802744556625897415e-02
5.846511470271176236e-02 5.841063256439791435e-02 5.849298645942846431e-02 5.840880333901582455e-02 5.800433789605671103e-02
5.838752973610524671e-02 5.833290637418464541e-02 5.841389811821655342e-02 5.832819912070000973e-02 5.791673201516681774e-02
5.822596888443767188e-02 5.817118114496437620e-02 5.825008288878620599e-02 5.816216243165682476e-02 5.774087431678177895e-02
5.797325541144493499e-02 5.791778477873153752e-02 5.799375378374157369e-02 5.790275329005623028e-02 5.746921029721289292e-02
5.762730747691409416e-02 5.757024188016579558e-02 5.764234432879925679e-02 5.754724646027174068e-02 5.709915531703690927e-02
5.718691709575600413e-02 5.712716535701128917e-02 5.719447671213850892e-02 5.709420920659458165e-02 5.662941065901626325e-02
5.665099921973508479e-02 5.658744647766342922e-02 5.664912036613558438e-02 5.654264530435667430e-02 5.605915136993924047e-02
5.601863866438117068e-02 5.595023011137258140e-02 5.600552743557830893e-02 5.589189121596547377e-02 5.538790621582131285e-02
5.528921877879157398e-02 5.521499655810759716e-02 5.526329016804104599e-02 5.514164347593536464e-02 5.461556548015900070e-02
5.446249252894204418e-02 5.438160734075220271e-02 5.442237514101442436e-02 5.429197550131527328e-02 5.374238572716318746e-02
5.353859353108116753e-02 5.345030375295108105e-02 5.348311750427788003e-02 5.334332319252240578e-02 5.276896983000487623e-02
5.251800872853409213e-02 5.242167374574073502e-02 5.244618700818974577e-02 5.229644736873580169e-02 5.169622775320383001e-02
5.140153217200321700e-02 5.129660326495172340e-02 5.131253991687819566e-02 5.115238471294499684e-02 5.052532788148930004e-02
5.019021279438921207e-02 5.007622325479242631e-02 5.008336708760763312e-02 4.991239614012281389e-02 4.925764669592758160e-02
4.888530349924291585e-02 4.876185882736371741e-02 4.876004432383278936e-02 4.857791798007158462e-02 4.789472159569229531e-02
4.748821513446273290e-02 4.735498375889878042e-02 4.734408801454560028e-02 4.715051863171199065e-02 4.643820922919027205e-02
4.600047668335961043e-02 4.585718142597553643e-02 4.583711712496436885e-02 4.563186158516811808e-02 4.488985009812011817e-02
4.442370178778410478e-02 4.427011217098614920e-02 4.424082151664573276e-02 4.402367471450850667e-02 4.325143928560544471e-02
4.275956112622784910e-02 4.259548654386829947e-02 4.255693604493109711e-02 4.232772525922944007e-02 4.152480271378188037e-02
4.100975993386842683e-02 4.083504366035194122e-02 4.078721967836347606e-02 4.054579973085524480e-02 3.971177817218045358e-02
3.917601990414039392e-02 3.899053388843701229e-02 3.893343885718496267e-02 3.867968796352162092e-02 3.781420034798717300e-02
3.726006475524867162e-02 3.706370513142631662e-02 3.699735436516370102e-02 3.673117058902125587e-02 3.583388915319692114e-02
3.526360882643471417e-02 3.505629206595792940e-02 3.498071107958658499e-02 3.470200930919158100e-02 3.377264073617908258e-02
3.318834815983878056e-02 3.297000779033923412e-02 3.288523006149270123e-02 3.259393943627596213e-02 3.163222066207151822e-02
3.103595361104590292e-02 3.080653742943002468e-02 3.071260253937526177e-02 3.040866426290187927e-02 2.941435883622427888e-02
2.880806560924383669e-02 2.856753332232991882e-02 2.846448541957595155e-02 2.814785090284791999e-02 2.712074582314287149e-02
2.650629025475422645e-02 2.625461148704388153e-02 2.614249802429789021e-02 2.581312731083872450e-02 2.475303027917766935e-02
2.413219649782851958e-02 2.386934911278658020e-02 2.374821981426617629e-02 2.340608024500678494e-02 2.231281727141237042e-02
2.168731418914417869e-02 2.141328287701456737e-02 2.128318889899589658e-02 2.092825398087187067e-02 1.980166729932244379e-02
1.917313283074498220e-02 1.888790792218723175e-02 1.874890117497745451e-02 1.838114962234105657e-02 1.722109587143596035e-02
1.659110088757483406e-02 1.629467735811430257e-02 1.614680996236203883e-02 1.576622488484814844e-02 1.457257351795966660e-02
1.394262554544877485e-02 1.363500218083147676e-02 1.347832603523880200e-02 1.308489424965673421e-02 1.185752614345194841e-02
1.122907282231413659e-02 1.091025151933710038e-02 1.074481796044205080e-02 1.033852940765381256e-02 9.077335642233787597e-03
8.451767956831630207e-03 8.121753138110412648e-03 7.947612675913413513e-03 7.528459926563399289e-03 6.233340714225080528e-03
5.611996012358097356e-03 5.270794136841732910e-03 5.087996252701827357e-03 4.655974088142289698e-03 3.326837830997408929e-03
2.711002645915040754e-03 2.358621799819178751e-03 2.167214795299433720e-03 1.722319852165375958e-03 3.590823116219644408e-04
-2.500049988522085325e-04 -6.135554435908734550e-04 -8.135245563455197147e-04 -1.271294087669304611e-03 -2.668710524182348054e-03
-3.269857307996668679e-03 -3.644566978583856868e-03 -3.853052552751061975e-03 -4.323697184012860982e-03 -5.755364151662828789e-03
-6.347421149813729790e-03 -6.733278909881072923e-03 -6.950236712619048234e-03 -7.433755874895003890e-03 -8.899739606246634752e-03
-9.481598785351704611e-03 -9.878592932301180976e-03 -1.010398017150789148e-02 -1.060037239959004708e-02 -1.210073423494178665e-02
-1.267132675437200942e-02 -1.307944518319352836e-02 -1.331322051677837418e-02 -1.382248360572521304e-02 -1.535728044705453842e-02
-1.591557475074465225e-02 -1.633480508968864625e-02 -1.657692862098766179e-02 -1.709905975903846034e-02 -1.866834447453528251e-02
-1.921334449839711550e-02 -1.964367422101921321e-02 -1.989410748333700352e-02 -2.042910336474302799e-02 -2.203292514997304621e-02
-2.256366863658354482e-02 -2.300508515395428485e-02 -2.326379108667797624e-02 -2.381164800745801807e-02 -2.545005270839309497e-02
-2.596560962131543374e-02 -2.641810035758055883e-02 -2.668504327586594324e-02 -2.724575721503312217e-02 -2.891878761749498358e-02
-2.941825864822085815e-02 -2.988181110218911599e-02 -3.015695666184984788e-02 -3.073052335026872986e-02 -3.243821943973880517e-02
-3.292073460081246239e-02 -3.339533639582124847e-02 -3.367865155474761979e-02 -3.426506653345307019e-02 -3.600746572869049922e-02
-3.647218302709699655e-02 -3.695782195104868606e-02 -3.724927492823000563e-02 -3.784853359776287757e-02 -3.962567096123276872e-02
-4.007177514660688333e-02 -4.056843918376839414e-02 -4.086799941678619791e-02 -4.148009707886732983e-02 -4.329200550660144281e-02
-4.371870688924466009e-02 -4.422638424515147604e-02 -4.453402234683846717e-02 -4.515895423950498644e-02 -4.700566463269011813e-02
-4.741219796677459408e-02 -4.793087708736833846e-02 -4.824656480218818266e-02 -4.888432612934890537e-02 -5.076586754965356496e-02
-5.115149097734893180e-02 -5.168116056330027824e-02 -5.200487072388672305e-02 -5.265545668011221980e-02 -5.457185649051724680e-02
-5.493585054309992055e-02 -5.547649956011890815e-02 -5.580820604431781934e-02 -5.647161183556028557e-02 -5.842289582824616856e-02
-5.876456248054776760e-02 -5.931618016635772234e-02 -5.965585785503842164e-02 -6.033207871587509263e-02 -6.231827122853270812e-02
-6.263693300335350378e-02 -6.319950887189865196e-02 -6.354713360773603381e-02 -6.423616481564296821e-02 -6.625728883741464903e-02
-6.655228795677563258e-02 -6.712581180014345894e-02 -6.748136034752200141e-02 -6.818319723461177539e-02 -7.023927450272778039e-02
-7.050997208306096498e-02 -7.109443397152442889e-02 -7.145788397767156852e-02 -7.217252194026595180e-02 -7.426357302832042873e-02
-7.450934831690393667e-02 -7.510473859742561320e-02 -7.547606855484878530e-02 -7.620350306120382555e-02 -7.832954745990550194e-02
-7.854979711004099474e-02 -7.915610640352703509e-02 -7.953529561380076607e-02 -8.027552221025599510e-02 -8.243657840139699544e-02
-8.263071578400098260e-02 -8.324793498154728355e-02 -8.363496352047478100e-02 -8.438797783626035554e-02 -8.658406336056231889e-02
-8.675151791000439150e-02 -8.737963816833961561e-02 -8.777448685249507332e-02 -8.854028460339649631e-02 -9.077141612282244032e-02
-9.091163271499150267e-02 -9.155064545128796527e-02 -9.195329580593306074e-02 -9.273187279698529017e-02 -9.499806615204114957e-02
-9.511050451275747386e-02 -9.576040139895461434e-02 -9.617083562731049140e-02 -9.696218775466859674e-02 -9.926345801716328354e-02
-9.934759215917995934e-02 -1.000083651159406062e-01 -1.004265660697893636e-01 -1.012306893219024895e-01 -1.035670508435848208e-01
-1.036223685305391468e-01 -1.042940097209402728e-01 -1.047199608725226661e-01 -1.055368513307199108e-01 -1.079083177881681455e-01
-1.079343200239514522e-01 -1.086168218469931723e-01 -1.090505072621654331e-01 -1.098801611007467621e-01 -1.122867455368471434e-01
-1.122829460789611933e-01 -1.129763011629645597e-01 -1.134177054755728387e-01 -1.142601189614856627e-01 -1.167018338238027669e-01
-1.166677587193623855e-01 -1.173719599153141557e-01 -1.178210683027441641e-01 -1.186762377949140135e-01 -1.211530949712244370e-01
-1.210882821143543647e-01 -1.218033224892463434e-01 -1.222601206491030351e-01 -1.231280425974774079e-01 -1.256400534487126519e-01
-1.255440521581626667e-01 -1.262699249883657004e-01 -1.267343991162380168e-01 -1.276150700605949706e-01 -1.301622454514137495e-01
-1.300346160672932461e-01 -1.307713148319971652e-01 -1.312434516002627394e-01 -1.321368681688264712e-01 -1.347192184960167571e-01
-1.345595319946164825e-01 -1.353070503693628857e-01 -1.357868369069871739e-01 -1.366929958148890012e-01 -1.393105310337798830e-01
-1.391183686595134361e-01 -1.398767005098413563e-01 -1.403641243831275087e-01 -1.412830224307436988e-01 -1.439357520797908685e-01
-1.437107049933477876e-01 -1.444798443685686162e-01 -1.449748935628144830e-01 -1.459065276340081874e-01 -1.485944608577011716e-01
-1.483361297995582362e-01 -1.491160709266731998e-01 -1.496187338286930069e-01 -1.505631008889840861e-01 -1.532862464592093521e-01
-1.529942414276993790e-01 -1.537849787054685335e-01 -1.542952440869388986e-01 -1.552523411816209287e-01 -1.580107075176037101e-01
-1.576846474607878912e-01 -1.584861754539577117e-01 -1.590040324555480056e-01 -1.599738567077698403e-01 -1.627674518947055116e-01
-1.624069644153412484e-01 -1.632192778490356988e-01 -1.637447159652850870e-01 -1.647272645741112707e-01 -1.675560963805872439e-01
-1.671608174535246794e-01 -1.679839112078026497e-01 -1.685169202727069271e-01 -1.695121905111690030e-01 -1.723762664054702409e-01
-1.719458401068497677e-01 -1.727797092114302935e-01 -1.733202793847037904e-01 -1.743282685978528590e-01 -1.772275957632343801e-01
-1.767616740108943207e-01 -1.776063136400495845e-01 -1.781544353940288650e-01 -1.791751409969975228e-01 -1.821097263460021431e-01
-1.816079686505391311e-01 -1.824633741181546642e-01 -1.830190382253113202e-01 -1.840524577013931407e-01 -1.870223078892832846e-01
-1.864843811152410435e-01 -1.873505478700410731e-01 -1.879137453910742217e-01 -1.889598762898256901e-01 -1.919649977271951635e-01
-1.913905758638854704e-01 -1.922674994848214414e-01 -1.928382217573001434e-01 -1.938970616926702639e-01 -1.969374605572945247e-01
-1.963262244987841465e-01 -1.972139006905832548e-01 -1.977921393181110432e-01 -1.988636859666032264e-01 -2.019393682145823321e-01
-2.012910055484035676e-01 -2.021894301372736957e-01 -2.027751769791499847e-01 -2.038594280780182955e-01 -2.069703994542624326e-01
-2.062846042584325357e-01 -2.071937731879202327e-01 -2.077870203492725720e-01 -2.088839736947558090e-01 -2.120302397428598107e-01
-2.113067123908136669e-01 -2.122266217178109537e-01 -2.128273615401753971e-01 -2.139370149857702796e-01 -2.171185810573178776e-01
-2.163570280303830917e-01 -2.172876739212795949e-01 -2.178958989736059504e-01 -2.190182504283813836e-01 -2.222351216917193284e-01
-2.214352553987821715e-01 -2.223766341257569779e-01 -2.229923371958180134e-01 -2.241273846227713196e-01 -2.273795660712888134e-01
-2.265411046753174062e-01 -2.274932126127676424e-01 -2.281163866989521782e-01 -2.292641281134075726e-01 -2.325516245733533494e-01
-2.316742918244638072e-01 -2.326371254455650295e-01 -2.332677637490352396e-01 -2.344281972170855766e-01 -2.377510133549543547e-01
-2.368345384297214085e-01 -2.378080943031151140e-01 -2.384461902203107164e-01 -2.396193138573022574e-01 -2.429774541868170434e-01
-2.420215715335470308e-01 -2.430058463201513752e-01 -2.436513934356229760e-01 -2.448372054046825119e-01 -2.482306742934009824e-01
-2.472351234830990896e-01 -2.482301139330385931e-01 -2.488831060125934191e-01 -2.500816045231990525e-01 -2.535104061987657476e-01
-2.524749317815447314e-01 -2.534806347311939212e-01 -2.541410657153398978e-01 -2.553522490219333196e-01 -2.588163875780017387e-01
-2.577407389446909614e-01 -2.587571513138285928e-01 -2.594250153115008062e-01 -2.606488817121414003e-01 -2.641483611139865406e-01
-2.630322923627130272e-01 -2.640594111517823861e-01 -2.647347024343389976e-01 -2.659712502693989400e-01 -2.695060743592381236e-01
-2.683493441667637036e-01 -2.693871664542354383e-01 -2.700698794497093380e-01 -2.713191071006088029e-01 -2.748892796026505270e-01
